{
"petri-hold":[[-0.147099750429584,"Z","com"]],
"petri-write":[[-0.147099750429584,"Z","com"],[-2.46539181719982,"Z",3,3,1.5]],
"marker-hold":[[0.098066500286389,"Y","com"]],
"marker-uncap":[[0.098066500286389,"Y","com"],[-23,"Z",0,0,0]],
"marker-recap":[[0.098066500286389,"Y","com"],[34.4360515755655,"Z",0,0,0]],
"marker-write":[[-0.098066500286389,"Z","com"],[2.46539181719982,"Z",0,0,0]],
"marker_cap-hold":[[0.0220649625644375,"Y","com"]],
"marker_cap-uncap":[[0.0220649625644375,"Y","com"],[23,"Z",0,0,0]],
"marker_cap-recap":[[0.0220649625644375,"Y","com"],[-34.4360515755655,"Z",0,0,0]],
"kit-hold":[[-1.67693715489725,"Z","com"]],
"kit-open":[[-1.67693715489725,"Z","com"],[20,"Z",6,13,0]],
"kit_tab-hold":[[-0.00392266001145556,"Z","com"]],
"kit_tab-open":[[-0.00392266001145556,"Z","com"],[-20,"Z",0,0,1]],
"canister-hold":[[-0.367749376073959,"Z","com"]],
"canister-insert":[[-0.367749376073959,"Z","com"],[87.1664087795569,"Z",0,0,0]],
"canister-remove":[[-0.367749376073959,"Z","com"],[-110,"Z",0,0,0]],
"tube-hold":[[0.304006150887806,"Y","com"]],
"tube-insert":[[0.304006150887806,"Z","com"],[45.6793758334,"Z",0,0,0]],
"needle-uncap":[[0.102969825300708,"Y","com"],[-9.4,"Z",0,0,5]],
"needle-hold":[[-0.102969825300708,"Z","com"]],
"needle-pierce":[[-0.102969825300708,"Z","com"],[23.4280869184183,"Z",0,0,0]],
"needle-unpierce":[[-0.102969825300708,"Z","com"],[-11,"Z",0,0,0]],
"needle-hold horizontal":[[0.102969825300708,"X","com"]],
"needle_cap-uncap":[[0.00980665002863889,"Y","com"],[9.4,"Z",0,0,5]],
"rinse_glass-hold":[[-5.51133731609506,"Z","com"]],
"rinse_glass-hold inverted":[[5.51133731609506,"Z","com"]],
"red_plug-hold":[[-0.00735498752147918,"Z","com"]],
"red_plug-insert":[[-0.00735498752147918,"Z","com"],[-35.9364690299472,"Z",0,0,0]],
"red_plug-remove":[[-0.00735498752147918,"Z","com"],[23,"Z",0,0,0]],
"glass_vial-hold":[[-0.147099750429584,"Z","com"]],
"glass_vial-open":[[-0.147099750429584,"Z","com"],[-30,"X",0,0,9]],
"yellow_plug-hold":[[-0.0098066500286389,"Z","com"]],
"yellow_plug-insert":[[0.0098066500286389,"Z","com"],[2.3192727317731,"Z",0,0,0]],
"tube_clamp-hold":[[-0.0392266001145556,"Z","com"]],
"tube_clamp-clamp":[[-0.0392266001145556,"Z","com"],[40.7760508190806,"Y",-0.75,0.6,1.2]],
"tube_clamp-unclamp":[[-0.0392266001145556,"Z","com"],[3.1,"Y",-0.75,1,2],[-3.1,"Z",-0.75,1,2]],
"scissors-hold":[[0.593302326732653,"Y","com"]],
"scissors-cut":[[0.593302326732653,"Y","com"],[-55,"Y",0.15,0.8,2]],
}