petri:
  stl file name: petri
  center of mass:
    x: 0.0
    y: 0.0
    z: 0.0075
  grasps:
    c8:
      GBcws:
        x: 0.025
        y: -0.0
        z: 0.015
        rm: 0.0,1.0,0.0,0.0,0.0,-1.0,-1.0,0.0,0.0
        mu: 0.3
      aDWnf:
        x: 0.02389
        y: 0.00737
        z: 0.0
        rm: 0.0,0.956,-0.295,0.0,0.295,0.956,1.0,0.0,0.0
        mu: 0.3
      elPTN:
        x: 0.03241
        y: 0.0074
        z: 0.0
        rm: 0.0,-0.975,0.223,0.0,-0.223,-0.975,1.0,0.0,0.0
        mu: 0.3
      DaJON:
        x: 0.04861
        y: 0.01109
        z: 0.0
        rm: -0.689,0.223,0.689,-0.157,-0.975,0.157,0.707,0.0,0.707
        mu: 0.3
      ETXfL:
        x: 0.02389
        y: -0.00737
        z: 0.0
        rm: 0.0,0.956,0.295,0.0,-0.295,0.956,1.0,0.0,0.0
        mu: 0.3
      pbkVj:
        x: 0.03241
        y: -0.0074
        z: 0.0
        rm: 0.0,-0.975,-0.223,0.0,0.223,-0.975,1.0,0.0,0.0
        mu: 0.3
      WgfQV:
        x: 0.04861
        y: -0.01109
        z: 0.0
        rm: -0.689,-0.223,0.689,0.157,-0.975,-0.157,0.707,0.0,0.707
        mu: 0.3
    c12:
      RwZZj:
        x: 0.04981
        y: 0.00248
        z: 0.01
        rm: -0.997,0.033,-0.067,-0.075,-0.445,0.893,0.0,0.895,0.446
        mu: 0.3
      LjGsv:
        x: -0.03483
        y: -0.0357
        z: 0.01
        rm: 0.68,-0.327,0.656,0.733,0.303,-0.609,0.0,0.895,0.446
        mu: 0.3
      musSZ:
        x: -0.04981
        y: -0.00248
        z: 0.01
        rm: 0.997,-0.033,0.067,0.075,0.445,-0.893,-0.0,0.895,0.446
        mu: 0.3
      drktA:
        x: -0.033
        y: 0.0374
        z: 0.01
        rm: 0.68,0.327,-0.656,-0.733,0.303,-0.609,-0.0,0.895,0.446
        mu: 0.3
      KvYfe:
        x: 0.00125
        y: 0.04986
        z: 0.01
        rm: 0.0,0.446,-0.895,-1.0,0.0,0.0,0.0,0.895,0.446
        mu: 0.3
    t+1:
      cCPSW:
        x: 0.025
        y: -0.0
        z: 0.015
        rm: 0.0,1.0,0.0,0.0,0.0,-1.0,-1.0,0.0,0.0
        mu: 0.3
      DisWZ:
        x: 0.03241
        y: 0.0074
        z: 0.0
        rm: 0.0,-0.975,0.223,0.0,-0.223,-0.975,1.0,0.0,0.0
        mu: 0.3
      icwrJ:
        x: 0.02389
        y: 0.00737
        z: 0.0
        rm: 0.0,0.956,-0.295,0.0,0.295,0.956,1.0,0.0,0.0
        mu: 0.3
      ibnje:
        x: 0.02879
        y: 0.01662
        z: 0.0
        rm: 0.0,0.735,-0.678,0.0,0.678,0.735,1.0,0.0,0.0
        mu: 0.3
      IcZJn:
        x: 0.02066
        y: 0.01408
        z: 0.0
        rm: 0.0,0.826,-0.563,0.0,0.563,0.826,1.0,0.0,0.0
        mu: 0.3
      CnMNP:
        x: 0.03241
        y: -0.0074
        z: 0.0
        rm: 0.0,-0.975,-0.223,0.0,0.223,-0.975,1.0,0.0,0.0
        mu: 0.3
      qmscN:
        x: 0.02389
        y: -0.00737
        z: 0.0
        rm: 0.0,0.956,0.295,0.0,-0.295,0.956,1.0,0.0,0.0
        mu: 0.3
      qWPqv:
        x: 0.02879
        y: -0.01662
        z: 0.0
        rm: 0.0,-0.866,-0.5,0.0,0.5,-0.866,1.0,0.0,0.0
        mu: 0.3
      HpvYM:
        x: 0.02066
        y: -0.01408
        z: 0.0
        rm: 0.0,0.826,0.563,0.0,-0.563,0.826,1.0,0.0,0.0
        mu: 0.3
    t+2:
      VthZg:
        x: 0.01833
        y: -0.017
        z: 0.015
        rm: 0.0,0.733,-0.68,0.0,-0.68,-0.733,-1.0,0.0,0.0
        mu: 0.3
      WMwfI:
        x: 0.025
        y: -0.0
        z: 0.0
        rm: 0.0,1.0,-0.0,0.0,0.0,1.0,1.0,0.0,0.0
        mu: 0.3
      fXfWG:
        x: 0.01833
        y: 0.017
        z: 0.015
        rm: 0.0,0.733,0.68,0.0,0.68,-0.733,-1.0,0.0,0.0
        mu: 0.3
    t+3.5:
      ZXIzT:
        x: 0.01833
        y: -0.017
        z: 0.015
        rm: 0.0,0.733,-0.68,0.0,-0.68,-0.733,-1.0,0.0,0.0
        mu: 0.3
      XIpwW:
        x: 0.025
        y: -0.0
        z: 0.0
        rm: 0.0,1.0,-0.0,0.0,0.0,1.0,1.0,0.0,0.0
        mu: 0.3
      egwVt:
        x: 0.01833
        y: 0.017
        z: 0.015
        rm: 0.0,0.733,0.68,0.0,0.68,-0.733,-1.0,0.0,0.0
        mu: 0.3
      zzxtT:
        x: 0.025
        y: -0.0
        z: 0.015
        rm: 0.0,1.0,0.0,0.0,0.0,-1.0,-1.0,0.0,0.0
        mu: 0.3
      UGNWP:
        x: -0.025
        y: -0.0
        z: 0.015
        rm: 0.0,-1.0,-0.0,0.0,-0.0,1.0,-1.0,0.0,0.0
        mu: 0.3
      GvLAu:
        x: -0.04981
        y: -0.00248
        z: 0.01
        rm: 0.997,-0.033,0.067,0.075,0.445,-0.893,-0.0,0.895,0.446
        mu: 0.3
    t+4:
      WRpOH:
        x: 0.025
        y: -0.0
        z: 0.015
        rm: 0.0,1.0,0.0,0.0,0.0,-1.0,-1.0,0.0,0.0
        mu: 0.3
      gKfjv:
        x: 0.01833
        y: 0.017
        z: 0.0
        rm: 0.0,0.733,-0.68,0.0,0.68,0.733,1.0,0.0,0.0
        mu: 0.3
      KBLGM:
        x: 0.025
        y: -0.0
        z: 0.0
        rm: 0.0,1.0,-0.0,0.0,0.0,1.0,1.0,0.0,0.0
        mu: 0.3
      oZufl:
        x: 0.01833
        y: -0.017
        z: 0.0
        rm: 0.0,0.733,0.68,0.0,-0.68,0.733,1.0,0.0,0.0
        mu: 0.3
      mHRSy:
        x: 0.00187
        y: -0.02493
        z: 0.0
        rm: 0.0,0.075,0.997,0.0,-0.997,0.075,1.0,0.0,0.0
        mu: 0.3
      gtbqB:
        x: -0.02261
        y: -0.02437
        z: 0.0
        rm: 0.0,0.68,-0.733,0.0,0.733,0.68,1.0,0.0,0.0
        mu: 0.3
      dySWU:
        x: 0.0147
        y: 0.04765
        z: 0.0
        rm: -0.208,0.956,0.208,-0.676,-0.295,0.676,0.707,0.0,0.707
        mu: 0.3
      LBPlH:
        x: 0.0
        y: 0.04986
        z: 0.0
        rm: 0.0,1.0,0.0,-0.707,0.0,0.707,0.707,0.0,0.707
        mu: 0.3
    t+5:
      LkHOj:
        x: 0.03315
        y: 0.00248
        z: 0.015
        rm: 0.0,-0.997,-0.075,0.0,-0.075,0.997,-1.0,0.0,0.0
        mu: 0.3
      nivgV:
        x: 0.04944
        y: 0.00745
        z: 0.015
        rm: -0.941,-0.255,0.222,-0.118,0.862,0.493,-0.317,0.438,-0.841
        mu: 0.3
      OuCsP:
        x: 0.04944
        y: -0.00745
        z: 0.015
        rm: -0.934,0.01,0.357,0.165,0.899,0.406,-0.317,0.438,-0.841
        mu: 0.3
      Ktdek:
        x: 0.03241
        y: -0.0074
        z: 0.015
        rm: 0.0,-0.975,0.223,0.0,0.223,0.975,-1.0,0.0,0.0
        mu: 0.3
      mTBwC:
        x: 0.03241
        y: -0.0074
        z: 0.0
        rm: 0.0,-0.975,-0.223,0.0,0.223,-0.975,1.0,0.0,0.0
        mu: 0.3
      ajiJo:
        x: 0.04944
        y: -0.00745
        z: 0.0
        rm: -0.941,0.041,-0.336,0.118,0.97,-0.211,0.317,-0.238,-0.918
        mu: 0.3
      FcTGU:
        x: 0.04972
        y: 0.00373
        z: 0.0
        rm: -0.705,0.075,0.705,-0.053,-0.997,0.053,0.707,0.0,0.707
        mu: 0.3
      bPQqf:
        x: 0.03315
        y: 0.00248
        z: 0.0
        rm: 0.0,0.957,-0.292,0.0,0.292,0.957,1.0,0.0,0.0
        mu: 0.3
  characteristic length: 0.05056
  forces:
    hold_X: '[0.147099750429584, 0.0, 0.0, 0.0, 0.0, 0.0]'
    hold_-X: '[-0.147099750429584, 0.0, 0.0, 0.0, 0.0, 0.0]'
    hold_Y: '[0.0, 0.147099750429584, 0.0, 0.0, 0.0, 0.0]'
    hold_-Y: '[0.0, -0.147099750429584, 0.0, 0.0, 0.0, 0.0]'
    hold_Z: '[0.0, 0.0, 0.147099750429584, 0.0, 0.0, 0.0]'
    hold_-Z: '[0.0, 0.0, -0.147099750429584, 0.0, 0.0, 0.0]'
    write: '[0.0, 0.0, -2.6124915676294043, -7.39617545159946, 7.39617545159946, 0.0]'
marker:
  stl file name: marker
  center of mass:
    x: 0.0
    y: 0.0
    z: 0.02
  grasps:
    c8:
      XlGqc:
        x: 0.006
        y: 0.00023
        z: 0.0489
        rm: -0.998,-0.057,0.001,-0.057,0.998,-0.024,-0.0,-0.024,-1.0
        mu: 0.3
      jmymq:
        x: -0.00593
        y: 0.00092
        z: 0.0198
        rm: 0.988,0.153,0.0,-0.153,0.988,-0.0,-0.0,0.0,1.0
        mu: 0.3
      rBAFC:
        x: -0.00577
        y: -0.00054
        z: 0.08001
        rm: 0.988,-0.057,-0.14,0.085,-0.556,0.827,-0.126,-0.829,-0.545
        mu: 0.3
    f21:
      gpgPM:
        x: 0.00598
        y: -0.00046
        z: 0.0295
        rm: -0.997,-0.077,-0.0,0.077,-0.997,0.0,-0.0,0.0,1.0
        mu: 0.3
      FYYrO:
        x: -0.006
        y: 0.00023
        z: 0.0392
        rm: 0.998,-0.057,0.001,-0.057,-0.998,0.024,-0.0,-0.024,-1.0
        mu: 0.3
      qJlMD:
        x: -0.00593
        y: 0.00092
        z: 0.0198
        rm: 0.988,0.153,0.0,-0.153,0.988,-0.0,-0.0,0.0,1.0
        mu: 0.3
      DIBOS:
        x: 0.0
        y: -0.006
        z: 0.0295
        rm: 0.0,0.999,0.047,1.0,-0.0,0.0,0.0,0.047,-0.999
        mu: 0.3
      RsxPN:
        x: -0.00578
        y: -0.00051
        z: 3.0e-05
        rm: 0.992,0.032,0.12,0.077,-0.918,-0.389,0.098,0.396,-0.913
        mu: 0.3
    f26:
      nkuUQ:
        x: 0.00593
        y: 0.00092
        z: 0.0101
        rm: -0.988,-0.153,0.0,-0.153,0.988,0.0,0.0,0.0,-1.0
        mu: 0.3
      dqnPi:
        x: -0.00463
        y: -0.00381
        z: 0.0101
        rm: 0.771,0.636,0.0,0.636,-0.771,0.0,0.0,0.0,-1.0
        mu: 0.3
      jKfXa:
        x: -0.00432
        y: 0.00416
        z: 0.0101
        rm: 0.721,-0.693,0.0,-0.693,-0.721,0.0,0.0,0.0,-1.0
        mu: 0.3
    t+6:
      ogzFq:
        x: 0.00593
        y: 0.00092
        z: 0.0392
        rm: -0.988,0.153,0.0,-0.153,-0.988,0.0,0.0,0.0,1.0
        mu: 0.3
      PdWdc:
        x: -0.00046
        y: 0.00598
        z: 0.0392
        rm: 0.069,-0.997,0.024,-0.998,-0.069,0.002,0.0,-0.024,-1.0
        mu: 0.3
      xMicM:
        x: -0.006
        y: 0.00023
        z: 0.0392
        rm: 0.998,-0.057,0.001,-0.057,-0.998,0.024,-0.0,-0.024,-1.0
        mu: 0.3
      uwdYX:
        x: 0.00584
        y: -0.00137
        z: 0.0101
        rm: -0.974,0.228,0.0,0.228,0.974,0.0,0.0,0.0,-1.0
        mu: 0.3
      kmORS:
        x: -0.00046
        y: 0.00598
        z: 0.0101
        rm: 0.069,0.997,-0.024,-0.998,0.069,-0.002,0.0,0.024,1.0
        mu: 0.3
      WFpUj:
        x: -0.006
        y: 0.00023
        z: 0.0101
        rm: 0.998,0.057,-0.001,-0.057,0.998,-0.024,0.0,0.024,1.0
        mu: 0.3
    t+8:
      IPEAa:
        x: 0.00593
        y: 0.00092
        z: 0.0392
        rm: -0.988,0.153,0.0,-0.153,-0.988,0.0,0.0,0.0,1.0
        mu: 0.3
      OQSrq:
        x: -0.006
        y: 0.00023
        z: 0.0392
        rm: 0.998,-0.057,0.001,-0.057,-0.998,0.024,-0.0,-0.024,-1.0
        mu: 0.3
      ItOYi:
        x: -0.00477
        y: -0.00364
        z: 0.0295
        rm: 0.791,0.612,-0.014,0.612,-0.79,0.019,0.0,-0.024,-1.0
        mu: 0.3
      gmIRT:
        x: -0.00463
        y: -0.00381
        z: 0.0101
        rm: 0.771,0.636,0.0,0.636,-0.771,0.0,0.0,0.0,-1.0
        mu: 0.3
    t13:
      Asidr:
        x: 0.00598
        y: -0.00046
        z: 0.0295
        rm: -0.997,-0.077,-0.0,0.077,-0.997,0.0,-0.0,0.0,1.0
        mu: 0.3
      efeJt:
        x: -0.00598
        y: -0.00046
        z: 0.0295
        rm: 0.997,-0.077,0.0,0.077,0.997,0.0,-0.0,0.0,1.0
        mu: 0.3
  characteristic length: 0.06709
  forces:
    hold_X: '[0.098066500286389, 0.0, 0.0, 0.0, 0.0, 0.0]'
    hold_-X: '[-0.098066500286389, 0.0, 0.0, 0.0, 0.0, 0.0]'
    hold_Y: '[0.0, 0.098066500286389, 0.0, 0.0, 0.0, 0.0]'
    hold_-Y: '[0.0, -0.098066500286389, 0.0, 0.0, 0.0, 0.0]'
    hold_Z: '[0.0, 0.0, 0.098066500286389, 0.0, 0.0, 0.0]'
    hold_-Z: '[0.0, 0.0, -0.098066500286389, 0.0, 0.0, 0.0]'
    uncap: '[0.0, 0.098066500286389, -23.0, 0.0, 0.0, 0.0]'
    recap: '[0.0, 0.098066500286389, 34.4360515755655, 0.0, 0.0, 0.0]'
    write: '[0.0, 0.0, 2.367325316913431, 0.0, 0.0, 0.0]'
marker_cap:
  stl file name: marker_cap
  center of mass:
    x: 0.0
    y: 0.0
    z: -0.01
  grasps:
    c16:
      MDWge:
        x: 0.00597
        y: 0.0006
        z: -0.02013
        rm: -0.996,-0.002,-0.09,-0.09,0.024,0.996,0.0,1.0,-0.024
        mu: 0.3
      dwKqx:
        x: 0.00597
        y: -0.00054
        z: -0.03
        rm: -0.995,-0.09,0.032,0.09,-0.996,-0.003,0.032,0.0,0.999
        mu: 0.3
      BxIjs:
        x: -0.00598
        y: 0.00048
        z: -0.02013
        rm: 0.996,-0.002,-0.09,-0.09,-0.024,-0.996,0.0,1.0,-0.024
        mu: 0.3
      vDyNn:
        x: -0.00457
        y: -0.00389
        z: -0.02013
        rm: 0.768,0.016,0.64,0.64,-0.019,-0.768,0.0,1.0,-0.024
        mu: 0.3
      YXJYK:
        x: -0.0036
        y: 0.00479
        z: -0.02013
        rm: 0.593,-0.02,-0.805,-0.805,-0.015,-0.592,0.0,1.0,-0.024
        mu: 0.3
    f17:
      oYvkh:
        x: 0.00597
        y: 0.0006
        z: -0.02013
        rm: -0.996,-0.002,-0.09,-0.09,0.024,0.996,0.0,1.0,-0.024
        mu: 0.3
      oIwIW:
        x: -0.00457
        y: -0.00389
        z: -0.02013
        rm: 0.768,0.016,0.64,0.64,-0.019,-0.768,0.0,1.0,-0.024
        mu: 0.3
      QPrsj:
        x: -0.00525
        y: 0.00289
        z: -0.02013
        rm: 0.871,-0.012,-0.491,-0.491,-0.021,-0.871,0.0,1.0,-0.024
        mu: 0.3
      Xsepn:
        x: 0.00526
        y: -0.00026
        z: -0.04013
        rm: -0.995,-0.068,0.067,0.049,-0.968,-0.248,0.082,-0.243,0.966
        mu: 0.3
      woIrS:
        x: -0.00447
        y: -0.00278
        z: -0.04013
        rm: 0.846,0.493,-0.202,0.526,-0.715,0.46,0.082,-0.496,-0.865
        mu: 0.3
      JEzJu:
        x: -0.00384
        y: 0.0036
        z: -0.04013
        rm: 0.727,0.674,0.126,-0.681,0.688,0.251,0.082,-0.268,0.96
        mu: 0.3
    f21:
      iCinU:
        x: 0.00597
        y: 0.0006
        z: -0.02013
        rm: -0.996,-0.002,-0.09,-0.09,0.024,0.996,0.0,1.0,-0.024
        mu: 0.3
      HuWDB:
        x: -0.00598
        y: 0.00048
        z: -0.02013
        rm: 0.996,-0.002,-0.09,-0.09,-0.024,-0.996,0.0,1.0,-0.024
        mu: 0.3
      ZTACN:
        x: -0.00597
        y: -0.00054
        z: -0.03
        rm: 0.995,-0.09,-0.032,0.09,0.996,-0.003,0.032,0.0,0.999
        mu: 0.3
      UnbJY:
        x: 0.00526
        y: -0.00026
        z: -0.04013
        rm: -0.995,-0.068,0.067,0.049,-0.968,-0.248,0.082,-0.243,0.966
        mu: 0.3
    t16:
      Phsem:
        x: 0.00597
        y: 0.0006
        z: -0.02013
        rm: -0.996,-0.002,-0.09,-0.09,0.024,0.996,0.0,1.0,-0.024
        mu: 0.3
      RzMEO:
        x: -0.00598
        y: -0.00048
        z: -0.01027
        rm: 0.996,-0.004,0.09,0.09,0.049,-0.995,0.0,0.999,0.049
        mu: 0.3
      NBWDS:
        x: -0.0058
        y: 0.0
        z: 0.0
        rm: 0.678,0.0,-0.736,0.0,-1.0,0.0,-0.736,0.0,-0.678
        mu: 0.3
      QKszg:
        x: -0.00598
        y: 0.00048
        z: -0.02013
        rm: 0.996,-0.002,-0.09,-0.09,-0.024,-0.996,0.0,1.0,-0.024
        mu: 0.3
      CbxPI:
        x: -0.00598
        y: 0.00048
        z: -0.02013
        rm: 0.996,-0.002,-0.09,-0.09,-0.024,-0.996,0.0,1.0,-0.024
        mu: 0.3
  characteristic length: 0.04215
  forces:
    hold_X: '[0.0220649625644375, 0.0, 0.0, 0.0, 0.0, 0.0]'
    hold_-X: '[-0.0220649625644375, 0.0, 0.0, 0.0, 0.0, 0.0]'
    hold_Y: '[0.0, 0.0220649625644375, 0.0, 0.0, 0.0, 0.0]'
    hold_-Y: '[0.0, -0.0220649625644375, 0.0, 0.0, 0.0, 0.0]'
    hold_Z: '[0.0, 0.0, 0.0220649625644375, 0.0, 0.0, 0.0]'
    hold_-Z: '[0.0, 0.0, -0.0220649625644375, 0.0, 0.0, 0.0]'
    uncap: '[0.0, 0.0220649625644375, 23.0, 0.0, 0.0, 0.0]'
    recap: '[0.0, 0.0220649625644375, -34.4360515755655, 0.0, 0.0, 0.0]'
kit:
  stl file name: kit
  center of mass:
    x: 0.0
    y: 0.0
    z: -0.02
  grasps:
    c1:
      zmdlS:
        x: -0.05796
        y: -0.07456
        z: -0.023
        rm: 0.998,-0.027,0.064,-0.0,-0.92,-0.391,0.07,0.39,-0.918
        mu: 0.3
      PKmPC:
        x: -0.05537
        y: -0.07763
        z: -0.06
        rm: 0.563,0.692,0.451,-0.564,-0.077,0.822,0.604,-0.717,0.348
        mu: 0.3
      KyNhi:
        x: -0.01846
        y: -0.08096
        z: -0.06
        rm: 0.0,-0.996,-0.09,0.0,0.09,-0.996,1.0,0.0,0.0
        mu: 0.3
      SmLyZ:
        x: -0.05745
        y: -0.05058
        z: -0.03033
        rm: 0.998,0.032,-0.062,0.0,0.885,0.465,0.07,-0.464,0.883
        mu: 0.3
      kIKUQ:
        x: -0.05597
        y: -0.05013
        z: -0.0515
        rm: 0.998,-0.016,-0.068,-0.0,0.973,-0.231,0.07,0.23,0.971
        mu: 0.3
      UwGww:
        x: -0.01846
        y: -0.03096
        z: -0.06
        rm: 0.0,-0.975,-0.22,0.0,0.22,-0.975,1.0,0.0,0.0
        mu: 0.3
      mDumU:
        x: -0.05847
        y: -0.00838
        z: -0.01567
        rm: 0.998,0.068,-0.013,0.0,0.192,0.981,0.07,-0.979,0.191
        mu: 0.3
      OqbNT:
        x: -0.0559
        y: -0.00263
        z: -0.0525
        rm: 0.705,0.07,-0.705,0.707,0.0,0.707,0.049,-0.998,-0.049
        mu: 0.3
      XXRBM:
        x: -0.01846
        y: 0.01404
        z: -0.06
        rm: 0.0,-0.975,-0.22,0.0,0.22,-0.975,1.0,0.0,0.0
        mu: 0.3
      kQXYM:
        x: -0.0645
        y: 0.03467
        z: -0.001
        rm: 0.0,0.072,-0.997,0.0,0.997,0.072,1.0,0.0,0.0
        mu: 0.3
      PmqFb:
        x: -0.05597
        y: 0.04487
        z: -0.0515
        rm: 0.998,0.009,-0.069,-0.0,0.991,0.136,0.07,-0.136,0.988
        mu: 0.3
      kCCEc:
        x: -0.0185
        y: 0.04571
        z: -0.058
        rm: 0.0,-0.996,0.09,0.0,-0.09,-0.996,1.0,0.0,0.0
        mu: 0.3
      LTPgM:
        x: 0.05745
        y: -0.05058
        z: -0.03033
        rm: -0.998,0.025,0.065,-0.0,-0.932,0.361,0.07,0.36,0.93
        mu: 0.3
      hvrJS:
        x: 0.05642
        y: -0.02263
        z: -0.045
        rm: -0.969,0.215,-0.124,-0.139,-0.053,0.989,0.206,0.975,0.081
        mu: 0.3
      AdyPR:
        x: 0.01846
        y: 0.00571
        z: -0.06
        rm: 0.0,-0.994,0.112,0.0,-0.112,-0.994,1.0,0.0,0.0
        mu: 0.3
    c13:
      wBOFK:
        x: -0.05796
        y: -0.07456
        z: -0.023
        rm: 0.998,-0.027,0.064,-0.0,-0.92,-0.391,0.07,0.39,-0.918
        mu: 0.3
      PTojv:
        x: -0.05745
        y: -0.05058
        z: -0.03033
        rm: 0.998,0.032,-0.062,0.0,0.885,0.465,0.07,-0.464,0.883
        mu: 0.3
      dwmNM:
        x: -0.05847
        y: -0.00838
        z: -0.01567
        rm: 0.998,0.068,-0.013,0.0,0.192,0.981,0.07,-0.979,0.191
        mu: 0.3
      JNzmc:
        x: -0.0645
        y: 0.03467
        z: -0.001
        rm: 0.0,0.072,-0.997,0.0,0.997,0.072,1.0,0.0,0.0
        mu: 0.3
      Bivag:
        x: 0.05745
        y: -0.05058
        z: -0.03033
        rm: -0.998,0.025,0.065,-0.0,-0.932,0.361,0.07,0.36,0.93
        mu: 0.3
  characteristic length: 0.14816
  forces:
    hold_X: '[1.67693715489725, 0.0, 0.0, 0.0, 0.0, 0.0]'
    hold_-X: '[-1.67693715489725, 0.0, 0.0, 0.0, 0.0, 0.0]'
    hold_Y: '[0.0, 1.67693715489725, 0.0, 0.0, 0.0, 0.0]'
    hold_-Y: '[0.0, -1.67693715489725, 0.0, 0.0, 0.0, 0.0]'
    hold_Z: '[0.0, 0.0, 1.67693715489725, 0.0, 0.0, 0.0]'
    hold_-Z: '[0.0, 0.0, -1.67693715489725, 0.0, 0.0, 0.0]'
    open: '[0.0, 0.0, 18.32306284510275, 260.0, -120.0, 0.0]'
kit_tab:
  stl file name: kit_tab
  center of mass:
    x: 0.0
    y: 0.0
    z: 0.009000000000000001
  grasps:
    c16:
      fYunF:
        x: 0.0005
        y: 0.00297
        z: 0.01008
        rm: -0.707,0.0,-0.707,0.704,0.098,-0.704,0.069,-0.995,-0.069
        mu: 0.3
      vOoBq:
        x: -0.0005
        y: 0.00297
        z: 0.01008
        rm: 0.707,0.0,0.707,0.704,-0.098,-0.704,0.069,0.995,-0.069
        mu: 0.3
      Xvqvr:
        x: 0.0005
        y: 0.00896
        z: 0.01031
        rm: -1.0,0.0,0.0,0.0,-0.406,0.914,0.0,0.914,0.406
        mu: 0.3
      qaVaU:
        x: 0.0005
        y: -0.00896
        z: 0.01031
        rm: -1.0,0.0,0.0,0.0,-0.85,-0.528,0.0,-0.528,0.85
        mu: 0.3
      rpHOh:
        x: 0.0
        y: 0.0
        z: 0.005
        rm: 0.0,-0.029,-1.0,0.0,1.0,-0.029,1.0,0.0,0.0
        mu: 0.3
  characteristic length: 0.01797
  forces:
    hold_X: '[0.00392266001145556, 0.0, 0.0, 0.0, 0.0, 0.0]'
    hold_-X: '[-0.00392266001145556, 0.0, 0.0, 0.0, 0.0, 0.0]'
    hold_Y: '[0.0, 0.00392266001145556, 0.0, 0.0, 0.0, 0.0]'
    hold_-Y: '[0.0, -0.00392266001145556, 0.0, 0.0, 0.0, 0.0]'
    hold_Z: '[0.0, 0.0, 0.00392266001145556, 0.0, 0.0, 0.0]'
    hold_-Z: '[0.0, 0.0, -0.00392266001145556, 0.0, 0.0, 0.0]'
    open: '[0.0, 0.0, -20.003922660011455, 0.0, 0.0, 0.0]'
canister:
  stl file name: canister
  center of mass:
    x: 0.0
    y: 0.0
    z: 0.03
  grasps:
    c3:
      ygeoa:
        x: -0.00022
        y: 0.0
        z: 0.00105
        rm: 0.695,0.0,0.719,-0.0,1.0,0.0,-0.719,0.0,0.695
        mu: 0.3
      RHjKy:
        x: -0.00016
        y: -0.00015
        z: 0.00105
        rm: 0.707,-0.069,-0.704,0.617,-0.426,0.662,-0.345,-0.902,-0.259
        mu: 0.3
      dOxol:
        x: -5.0e-05
        y: -0.00022
        z: 0.00105
        rm: 0.221,-0.022,-0.975,0.912,-0.349,0.215,-0.345,-0.937,-0.057
        mu: 0.3
      kUbHK:
        x: -0.00022
        y: 2.0e-05
        z: 0.00105
        rm: 0.934,-0.342,-0.106,-0.096,-0.525,0.845,-0.345,-0.779,-0.523
        mu: 0.3
      sRgJK:
        x: -0.00016
        y: -0.00015
        z: 0.00105
        rm: 0.707,-0.069,-0.704,0.617,-0.426,0.662,-0.345,-0.902,-0.259
        mu: 0.3
      ewiKW:
        x: 0.0
        y: -0.00022
        z: 0.00105
        rm: -0.0,0.01,-1.0,0.962,-0.273,-0.003,-0.273,-0.962,-0.009
        mu: 0.3
      YYQaF:
        x: -0.00022
        y: 2.0e-05
        z: 0.00105
        rm: 0.934,-0.342,-0.106,-0.096,-0.525,0.845,-0.345,-0.779,-0.523
        mu: 0.3
      KNLYA:
        x: -0.00016
        y: -0.00015
        z: 0.00105
        rm: 0.707,-0.069,-0.704,0.617,-0.426,0.662,-0.345,-0.902,-0.259
        mu: 0.3
      AtEax:
        x: 0.0
        y: -0.00022
        z: 0.00105
        rm: -0.0,0.01,-1.0,0.962,-0.273,-0.003,-0.273,-0.962,-0.009
        mu: 0.3
      YBqsh:
        x: -0.00022
        y: 0.0
        z: 0.00105
        rm: 0.695,0.0,0.719,-0.0,1.0,0.0,-0.719,0.0,0.695
        mu: 0.3
      bNxJy:
        x: -0.00016
        y: -0.00015
        z: 0.00105
        rm: 0.707,-0.069,-0.704,0.617,-0.426,0.662,-0.345,-0.902,-0.259
        mu: 0.3
      QbKhl:
        x: 0.0
        y: -0.00022
        z: 0.00105
        rm: -0.0,0.01,-1.0,0.962,-0.273,-0.003,-0.273,-0.962,-0.009
        mu: 0.3
      WRUrX:
        x: 0.00016
        y: 0.00015
        z: 0.00105
        rm: -0.707,0.384,0.593,-0.617,0.074,-0.783,-0.345,-0.92,0.185
        mu: 0.3
      vRady:
        x: 5.0e-05
        y: 0.00022
        z: 0.00105
        rm: -0.221,0.742,0.633,-0.912,0.072,-0.403,-0.345,-0.667,0.661
        mu: 0.3
      IAApQ:
        x: 0.00016
        y: 0.00015
        z: 0.00105
        rm: -0.707,0.384,0.593,-0.617,0.074,-0.783,-0.345,-0.92,0.185
        mu: 0.3
      JjBlC:
        x: 0.00016
        y: 0.00015
        z: 0.00105
        rm: -0.707,0.384,0.593,-0.617,0.074,-0.783,-0.345,-0.92,0.185
        mu: 0.3
    c6:
      lKbpu:
        x: -0.00022
        y: 0.0
        z: 0.00105
        rm: 0.695,0.0,0.719,-0.0,1.0,0.0,-0.719,0.0,0.695
        mu: 0.3
      pRwnM:
        x: -0.00022
        y: 2.0e-05
        z: 0.00105
        rm: 0.934,-0.342,-0.106,-0.096,-0.525,0.845,-0.345,-0.779,-0.523
        mu: 0.3
      CIhVy:
        x: -0.00022
        y: 2.0e-05
        z: 0.00105
        rm: 0.934,-0.342,-0.106,-0.096,-0.525,0.845,-0.345,-0.779,-0.523
        mu: 0.3
      tDDGe:
        x: -0.00022
        y: 0.0
        z: 0.00105
        rm: 0.695,0.0,0.719,-0.0,1.0,0.0,-0.719,0.0,0.695
        mu: 0.3
      mrRfV:
        x: 0.00022
        y: 2.0e-05
        z: 0.00105
        rm: -0.934,0.342,0.107,-0.096,0.048,-0.994,-0.345,-0.939,-0.012
        mu: 0.3
    t1:
      HXdAe:
        x: -0.00022
        y: 0.0
        z: 0.00105
        rm: 0.695,0.0,0.719,-0.0,1.0,0.0,-0.719,0.0,0.695
        mu: 0.3
      rXnmW:
        x: -0.00016
        y: -0.00015
        z: 0.00105
        rm: 0.707,-0.069,-0.704,0.617,-0.426,0.662,-0.345,-0.902,-0.259
        mu: 0.3
      hetTC:
        x: -5.0e-05
        y: -0.00022
        z: 0.00105
        rm: 0.221,-0.022,-0.975,0.912,-0.349,0.215,-0.345,-0.937,-0.057
        mu: 0.3
      eAMWI:
        x: -0.00022
        y: 2.0e-05
        z: 0.00105
        rm: 0.934,-0.342,-0.106,-0.096,-0.525,0.845,-0.345,-0.779,-0.523
        mu: 0.3
      jdjdQ:
        x: -0.00016
        y: -0.00015
        z: 0.00105
        rm: 0.707,-0.069,-0.704,0.617,-0.426,0.662,-0.345,-0.902,-0.259
        mu: 0.3
      zVgdK:
        x: 0.0
        y: -0.00022
        z: 0.00105
        rm: -0.0,0.01,-1.0,0.962,-0.273,-0.003,-0.273,-0.962,-0.009
        mu: 0.3
      FPaqh:
        x: -0.00022
        y: 2.0e-05
        z: 0.00105
        rm: 0.934,-0.342,-0.106,-0.096,-0.525,0.845,-0.345,-0.779,-0.523
        mu: 0.3
      FoLsX:
        x: -0.00016
        y: -0.00015
        z: 0.00105
        rm: 0.707,-0.069,-0.704,0.617,-0.426,0.662,-0.345,-0.902,-0.259
        mu: 0.3
      iXGFe:
        x: 0.0
        y: -0.00022
        z: 0.00105
        rm: -0.0,0.01,-1.0,0.962,-0.273,-0.003,-0.273,-0.962,-0.009
        mu: 0.3
      ZbKHR:
        x: -0.00022
        y: 0.0
        z: 0.00105
        rm: 0.695,0.0,0.719,-0.0,1.0,0.0,-0.719,0.0,0.695
        mu: 0.3
      rScuR:
        x: -0.00016
        y: -0.00015
        z: 0.00105
        rm: 0.707,-0.069,-0.704,0.617,-0.426,0.662,-0.345,-0.902,-0.259
        mu: 0.3
      QYKxQ:
        x: 0.0
        y: -0.00022
        z: 0.00105
        rm: -0.0,0.01,-1.0,0.962,-0.273,-0.003,-0.273,-0.962,-0.009
        mu: 0.3
      SPTBv:
        x: 0.00016
        y: 0.00015
        z: 0.00105
        rm: -0.707,0.384,0.593,-0.617,0.074,-0.783,-0.345,-0.92,0.185
        mu: 0.3
  characteristic length: 0.03
  forces:
    hold_X: '[0.367749376073959, 0.0, 0.0, 0.0, 0.0, 0.0]'
    hold_-X: '[-0.367749376073959, 0.0, 0.0, 0.0, 0.0, 0.0]'
    hold_Y: '[0.0, 0.367749376073959, 0.0, 0.0, 0.0, 0.0]'
    hold_-Y: '[0.0, -0.367749376073959, 0.0, 0.0, 0.0, 0.0]'
    hold_Z: '[0.0, 0.0, 0.367749376073959, 0.0, 0.0, 0.0]'
    hold_-Z: '[0.0, 0.0, -0.367749376073959, 0.0, 0.0, 0.0]'
    insert: '[0.0, 0.0, 86.79865940348294, 0.0, 0.0, 0.0]'
    remove: '[0.0, 0.0, -110.36774937607396, 0.0, 0.0, 0.0]'
tube:
  stl file name: tube
  center of mass:
    x: 0.0
    y: 0.0
    z: 0.025
  grasps:
    c6:
      jKSLt:
        x: 0.00032
        y: 0.00244
        z: 0.02222
        rm: -0.195,-0.029,-0.98,-0.981,0.006,0.195,0.0,1.0,-0.029
        mu: 0.3
      QrooC:
        x: -0.00032
        y: -0.00244
        z: 0.02222
        rm: 0.195,0.029,0.98,0.981,-0.006,-0.195,0.0,1.0,-0.029
        mu: 0.3
      NTHbU:
        x: 0.00032
        y: -0.00244
        z: 0.02778
        rm: -0.195,-0.057,0.979,0.981,-0.011,0.195,-0.0,0.998,0.058
        mu: 0.3
      jNkxR:
        x: -0.00032
        y: -0.00244
        z: 0.02222
        rm: 0.195,0.029,0.98,0.981,-0.006,-0.195,0.0,1.0,-0.029
        mu: 0.3
      fTAzD:
        x: 0.00032
        y: -0.00244
        z: 0.02778
        rm: -0.195,-0.057,0.979,0.981,-0.011,0.195,-0.0,0.998,0.058
        mu: 0.3
    c8:
      KTitL:
        x: 0.00032
        y: 0.00244
        z: 0.02222
        rm: -0.195,-0.029,-0.98,-0.981,0.006,0.195,0.0,1.0,-0.029
        mu: 0.3
      VPTYp:
        x: -0.00032
        y: -0.00244
        z: 0.02222
        rm: 0.195,0.029,0.98,0.981,-0.006,-0.195,0.0,1.0,-0.029
        mu: 0.3
      Ijasn:
        x: 0.00032
        y: -0.00244
        z: 0.02778
        rm: -0.195,-0.057,0.979,0.981,-0.011,0.195,-0.0,0.998,0.058
        mu: 0.3
    t6:
      KOAhw:
        x: -0.00032
        y: -0.00244
        z: 0.02222
        rm: 0.195,0.029,0.98,0.981,-0.006,-0.195,0.0,1.0,-0.029
        mu: 0.3
      kZcQV:
        x: 0.00032
        y: 0.00244
        z: 0.02222
        rm: -0.195,-0.029,-0.98,-0.981,0.006,0.195,0.0,1.0,-0.029
        mu: 0.3
      oaDuM:
        x: -0.00244
        y: 0.00032
        z: 0.02222
        rm: 0.981,-0.006,-0.195,-0.195,-0.029,-0.98,0.0,1.0,-0.029
        mu: 0.3
      tCbtx:
        x: 0.00244
        y: -0.00032
        z: 0.02222
        rm: -0.981,0.006,0.195,0.195,0.029,0.98,0.0,1.0,-0.029
        mu: 0.3
      jmxtl:
        x: 0.00032
        y: -0.00244
        z: 0.02778
        rm: -0.195,-0.057,0.979,0.981,-0.011,0.195,-0.0,0.998,0.058
        mu: 0.3
      zsAxy:
        x: -0.00032
        y: 0.00244
        z: 0.02778
        rm: 0.195,0.057,-0.979,-0.981,0.011,-0.195,-0.0,0.998,0.058
        mu: 0.3
      YkofM:
        x: -0.00244
        y: -0.00032
        z: 0.02778
        rm: 0.981,-0.011,0.195,0.195,0.057,-0.979,-0.0,0.998,0.058
        mu: 0.3
      CFkeu:
        x: 0.00244
        y: 0.00032
        z: 0.02778
        rm: -0.981,0.011,-0.195,-0.195,-0.057,0.979,-0.0,0.998,0.058
        mu: 0.3
    t10:
      kbueJ:
        x: 0.00244
        y: -0.00032
        z: 0.02222
        rm: -0.981,0.006,0.195,0.195,0.029,0.98,0.0,1.0,-0.029
        mu: 0.3
      HEZID:
        x: -0.0015
        y: 0.00195
        z: 0.02222
        rm: 0.556,-0.024,-0.831,-0.831,-0.016,-0.555,0.0,1.0,-0.029
        mu: 0.3
      AiZdL:
        x: -0.00195
        y: -0.0015
        z: 0.02222
        rm: 0.831,0.016,0.555,0.556,-0.024,-0.831,0.0,1.0,-0.029
        mu: 0.3
  characteristic length: 0.02512
  forces:
    hold_X: '[0.304006150887806, 0.0, 0.0, 0.0, 0.0, 0.0]'
    hold_-X: '[-0.304006150887806, 0.0, 0.0, 0.0, 0.0, 0.0]'
    hold_Y: '[0.0, 0.304006150887806, 0.0, 0.0, 0.0, 0.0]'
    hold_-Y: '[0.0, -0.304006150887806, 0.0, 0.0, 0.0, 0.0]'
    hold_Z: '[0.0, 0.0, 0.304006150887806, 0.0, 0.0, 0.0]'
    hold_-Z: '[0.0, 0.0, -0.304006150887806, 0.0, 0.0, 0.0]'
    insert: '[0.0, 0.0, 45.98338198428781, 0.0, 0.0, 0.0]'
needle:
  stl file name: needle
  center of mass:
    x: 0.0
    y: 0.0
    z: 0.04
  grasps:
    f26:
      eMhGD:
        x: 0.007
        y: 0.0
        z: 0.0725
        rm: -1.0,0.0,0.0,0.0,0.344,0.939,0.0,0.939,-0.344
        mu: 0.3
      FBSgZ:
        x: -0.007
        y: 0.0
        z: 0.0725
        rm: 1.0,0.0,0.0,0.0,-0.344,-0.939,0.0,0.939,-0.344
        mu: 0.3
      ECuyh:
        x: -0.007
        y: 0.0025
        z: 0.07933
        rm: 1.0,0.0,0.0,0.0,0.18,0.984,0.0,-0.984,0.18
        mu: 0.3
    t10:
      mbgWp:
        x: -0.007
        y: 0.0075
        z: 0.0725
        rm: 0.707,0.0,0.707,-0.707,0.0,0.707,0.0,-1.0,0.0
        mu: 0.3
      IyCbR:
        x: -0.007
        y: -0.0075
        z: 0.0725
        rm: 0.707,0.0,0.707,0.707,0.0,-0.707,0.0,1.0,0.0
        mu: 0.3
      rUJLZ:
        x: 0.007
        y: 0.0
        z: 0.0725
        rm: -1.0,0.0,0.0,0.0,0.344,0.939,0.0,0.939,-0.344
        mu: 0.3
    t16:
      TICzM:
        x: -0.007
        y: 0.0075
        z: 0.0725
        rm: 0.707,0.0,0.707,-0.707,0.0,0.707,0.0,-1.0,0.0
        mu: 0.3
      IGGlY:
        x: -0.007
        y: -0.0075
        z: 0.0725
        rm: 0.707,0.0,0.707,0.707,0.0,-0.707,0.0,1.0,0.0
        mu: 0.3
      ttErN:
        x: 0.007
        y: 0.0
        z: 0.0725
        rm: -1.0,0.0,0.0,0.0,0.344,0.939,0.0,0.939,-0.344
        mu: 0.3
      VfUqb:
        x: -0.012
        y: 0.0075
        z: 0.051
        rm: 0.0,-0.981,0.196,-1.0,0.0,0.0,0.0,-0.196,-0.981
        mu: 0.3
      piTTl:
        x: -0.012
        y: -0.0075
        z: 0.051
        rm: 0.0,0.981,0.196,1.0,0.0,0.0,0.0,0.196,-0.981
        mu: 0.3
  characteristic length: 0.05398
  forces:
    uncap: '[0.0, 0.102969825300708, -9.4, 0.0, 0.0, 0.0]'
    hold_X: '[0.102969825300708, 0.0, 0.0, 0.0, 0.0, 0.0]'
    hold_-X: '[-0.102969825300708, 0.0, 0.0, 0.0, 0.0, 0.0]'
    hold_Y: '[0.0, 0.102969825300708, 0.0, 0.0, 0.0, 0.0]'
    hold_-Y: '[0.0, -0.102969825300708, 0.0, 0.0, 0.0, 0.0]'
    hold_Z: '[0.0, 0.0, 0.102969825300708, 0.0, 0.0, 0.0]'
    hold_-Z: '[0.0, 0.0, -0.102969825300708, 0.0, 0.0, 0.0]'
    pierce: '[0.0, 0.0, 23.32511709311759, 0.0, 0.0, 0.0]'
    unpierce: '[0.0, 0.0, -11.102969825300708, 0.0, 0.0, 0.0]'
    hold horizontal: '[0.102969825300708, 0.0, 0.0, 0.0, 0.0, 0.0]'
needle_cap:
  stl file name: needle_cap
  center of mass:
    x: 0.0
    y: 0.0
    z: 0.02
  grasps:
    c8:
      zODYQ:
        x: 0.00598
        y: -0.00041
        z: 0.01905
        rm: -0.998,-0.003,0.059,0.059,-0.05,0.997,0.0,0.999,0.05
        mu: 0.3
      bOYnJ:
        x: -0.00598
        y: -0.00041
        z: 0.00952
        rm: 0.998,0.001,0.059,0.059,-0.025,-0.998,0.0,1.0,-0.025
        mu: 0.3
      OwaUk:
        x: -0.00598
        y: 0.00041
        z: 0.04048
        rm: 0.998,0.003,-0.059,-0.059,0.05,-0.997,0.0,0.999,0.05
        mu: 0.3
    t10:
      MYeQX:
        x: 0.00598
        y: -0.00041
        z: 0.01905
        rm: -0.998,-0.003,0.059,0.059,-0.05,0.997,0.0,0.999,0.05
        mu: 0.3
      SNQSK:
        x: -0.00284
        y: 0.00528
        z: 0.01905
        rm: 0.483,0.044,-0.875,-0.876,0.024,-0.482,0.0,0.999,0.05
        mu: 0.3
      FPkoe:
        x: -0.00325
        y: -0.00504
        z: 0.01905
        rm: 0.534,-0.042,0.845,0.846,0.027,-0.533,0.0,0.999,0.05
        mu: 0.3
  characteristic length: 0.03059
  forces:
    uncap: '[0.0, 0.00980665002863889, 9.4, 0.0, 0.0, 0.0]'
rinse_glass:
  stl file name: rinse_glass
  center of mass:
    x: 0.0
    y: 0.0
    z: 0.065
  grasps:
    c6:
      oNWfH:
        x: 0.03786
        y: 0.00322
        z: 0.07033
        rm: -0.999,0.003,-0.051,-0.051,-0.183,0.982,-0.006,0.983,0.183
        mu: 0.3
      HGgIn:
        x: -0.03799
        y: 0.00063
        z: 0.07033
        rm: 0.999,0.015,-0.049,-0.051,0.182,-0.982,-0.006,0.983,0.183
        mu: 0.3
      WnexJ:
        x: -0.03744
        y: 0.00249
        z: 0.09999
        rm: 0.989,-0.031,0.147,-0.05,0.853,0.519,-0.141,-0.521,0.842
        mu: 0.3
      xGimj:
        x: -0.03821
        y: 0.00063
        z: 0.00997
        rm: 0.993,-0.016,0.119,-0.016,-1.0,-0.002,0.119,0.0,-0.993
        mu: 0.3
      VygkT:
        x: -0.03801
        y: 0.0019
        z: 0.0565
        rm: 0.999,-0.011,0.05,-0.051,-0.092,0.994,-0.006,-0.996,-0.093
        mu: 0.3
    t1:
      OtKiB:
        x: 0.015
        y: 0.00157
        z: 0.16078
        rm: -0.988,-0.064,0.143,-0.156,0.403,-0.902,0.0,-0.913,-0.409
        mu: 0.3
      vTXbj:
        x: -0.0149
        y: 0.01396
        z: 0.14046
        rm: 0.568,0.783,0.253,-0.533,0.584,-0.612,-0.627,0.213,0.749
        mu: 0.3
      jyFOz:
        x: -0.01234
        y: -0.00073
        z: 0.15063
        rm: 1.0,0.0,0.0,0.0,-0.429,-0.903,0.0,0.903,-0.429
        mu: 0.3
      UUTdW:
        x: -0.01415
        y: -0.01462
        z: 0.14046
        rm: 0.542,0.719,-0.435,0.56,-0.695,-0.45,-0.626,0.0,-0.78
        mu: 0.3
      trmHc:
        x: -0.02107
        y: 0.01672
        z: 0.13108
        rm: 0.673,-0.622,-0.401,-0.534,-0.783,0.318,-0.511,0.0,-0.859
        mu: 0.3
      MaxnK:
        x: -0.0269
        y: 0.00044
        z: 0.13108
        rm: 0.859,-0.016,-0.511,-0.014,-1.0,0.008,-0.511,0.0,-0.859
        mu: 0.3
      aNynk:
        x: -0.02029
        y: -0.0178
        z: 0.13108
        rm: 0.646,-0.479,0.594,0.566,0.823,0.049,-0.513,0.304,0.803
        mu: 0.3
      nRlAz:
        x: -0.03109
        y: 0.01728
        z: 0.10979
        rm: 0.847,-0.486,-0.217,-0.471,-0.874,0.121,-0.248,0.0,-0.969
        mu: 0.3
      mRDRz:
        x: -0.03261
        y: 0.00146
        z: 0.11905
        rm: 0.94,0.267,0.213,-0.015,0.656,-0.755,-0.341,0.706,0.621
        mu: 0.3
      ODoJY:
        x: -0.02857
        y: -0.02119
        z: 0.10979
        rm: 0.778,-0.596,0.199,0.577,0.803,0.148,-0.248,0.0,0.969
        mu: 0.3
      ERrYg:
        x: -0.03297
        y: 0.01768
        z: 0.10099
        rm: 0.875,0.185,0.447,-0.457,0.618,0.64,-0.158,-0.764,0.625
        mu: 0.3
      IhjTP:
        x: -0.03738
        y: 0.00085
        z: 0.10099
        rm: 0.987,-0.138,-0.082,-0.033,-0.674,0.738,-0.157,-0.726,-0.669
        mu: 0.3
      mGqjJ:
        x: -0.03073
        y: -0.0214
        z: 0.10099
        rm: 0.816,0.19,-0.546,0.555,-0.519,0.65,-0.16,-0.833,-0.529
        mu: 0.3
    t2:
      jqGcb:
        x: 0.015
        y: 0.00157
        z: 0.16078
        rm: -0.988,-0.064,0.143,-0.156,0.403,-0.902,0.0,-0.913,-0.409
        mu: 0.3
      hYYXM:
        x: -0.015
        y: -0.00157
        z: 0.16078
        rm: 0.988,-0.017,0.155,0.156,0.11,-0.982,0.0,0.994,0.111
        mu: 0.3
    t17:
      WkHGZ:
        x: 0.03744
        y: 0.00249
        z: 0.09999
        rm: -0.989,-0.15,-0.009,-0.05,0.272,0.961,-0.141,0.951,-0.276
        mu: 0.3
      YDVPy:
        x: 0.03823
        y: 0.00094
        z: 0.00997
        rm: -0.993,0.025,0.119,-0.024,-1.0,0.003,0.119,0.0,0.993
        mu: 0.3
      iKyMv:
        x: -0.03744
        y: 0.00249
        z: 0.09999
        rm: 0.989,-0.031,0.147,-0.05,0.853,0.519,-0.141,-0.521,0.842
        mu: 0.3
      jdgoU:
        x: -0.03821
        y: 0.00063
        z: 0.00997
        rm: 0.993,-0.016,0.119,-0.016,-1.0,-0.002,0.119,0.0,-0.993
        mu: 0.3
      YchJM:
        x: -0.03801
        y: 0.0019
        z: 0.0565
        rm: 0.999,-0.011,0.05,-0.051,-0.092,0.994,-0.006,-0.996,-0.093
        mu: 0.3
    t20:
      NSjut:
        x: 0.03558
        y: 0.00087
        z: 0.10979
        rm: -0.968,-0.025,0.248,-0.024,1.0,0.006,-0.248,0.0,-0.969
        mu: 0.3
      MPLHW:
        x: 0.02577
        y: 0.02454
        z: 0.10979
        rm: -0.702,-0.69,0.18,-0.668,0.724,0.171,-0.248,0.0,-0.969
        mu: 0.3
      ejEWm:
        x: -0.02107
        y: 0.01672
        z: 0.13108
        rm: 0.673,-0.622,-0.401,-0.534,-0.783,0.318,-0.511,0.0,-0.859
        mu: 0.3
      SldJN:
        x: -0.0269
        y: 0.00044
        z: 0.13108
        rm: 0.859,-0.016,-0.511,-0.014,-1.0,0.008,-0.511,0.0,-0.859
        mu: 0.3
      FtoOp:
        x: -0.02029
        y: -0.0178
        z: 0.13108
        rm: 0.646,-0.479,0.594,0.566,0.823,0.049,-0.513,0.304,0.803
        mu: 0.3
      YYtbA:
        x: -0.03297
        y: 0.01768
        z: 0.10099
        rm: 0.875,0.185,0.447,-0.457,0.618,0.64,-0.158,-0.764,0.625
        mu: 0.3
      OxIFI:
        x: -0.03738
        y: 0.00085
        z: 0.10099
        rm: 0.987,-0.138,-0.082,-0.033,-0.674,0.738,-0.157,-0.726,-0.669
        mu: 0.3
      ESGzp:
        x: -0.03073
        y: -0.0214
        z: 0.10099
        rm: 0.816,0.19,-0.546,0.555,-0.519,0.65,-0.16,-0.833,-0.529
        mu: 0.3
  characteristic length: 0.11105
  forces:
    hold_X: '[5.51133731609506, 0.0, 0.0, 0.0, 0.0, 0.0]'
    hold_-X: '[-5.51133731609506, 0.0, 0.0, 0.0, 0.0, 0.0]'
    hold_Y: '[0.0, 5.51133731609506, 0.0, 0.0, 0.0, 0.0]'
    hold_-Y: '[0.0, -5.51133731609506, 0.0, 0.0, 0.0, 0.0]'
    hold_Z: '[0.0, 0.0, 5.51133731609506, 0.0, 0.0, 0.0]'
    hold_-Z: '[0.0, 0.0, -5.51133731609506, 0.0, 0.0, 0.0]'
    hold inverted: '[0.0, 0.0, 5.51133731609506, 0.0, 0.0, 0.0]'
red_plug:
  stl file name: red_plug
  center of mass:
    x: 0.0
    y: 0.0
    z: 0.006
  grasps:
    c8:
      BJEDH:
        x: 0.00297
        y: 4.0e-05
        z: 0.0095
        rm: -0.996,0.09,0.006,-0.0,0.07,-0.998,-0.09,-0.993,-0.07
        mu: 0.3
      CsAjR:
        x: -0.00075
        y: 0.00523
        z: 0.01009
        rm: 1.0,0.0,0.0,0.0,-0.581,0.814,0.0,-0.814,-0.581
        mu: 0.3
      gUBBw:
        x: -0.00075
        y: -0.00523
        z: 0.01009
        rm: 1.0,0.0,0.0,0.0,0.581,0.814,0.0,-0.814,0.581
        mu: 0.3
    c9:
      dKKus:
        x: 0.00297
        y: 4.0e-05
        z: 0.0095
        rm: -0.996,0.09,0.006,-0.0,0.07,-0.998,-0.09,-0.993,-0.07
        mu: 0.3
      OmPEk:
        x: -0.00297
        y: -4.0e-05
        z: 0.0095
        rm: 0.996,0.09,0.006,0.0,0.07,-0.998,-0.09,0.993,0.07
        mu: 0.3
    f26:
      hMgUY:
        x: 0.00297
        y: 4.0e-05
        z: 0.0095
        rm: -0.996,0.09,0.006,-0.0,0.07,-0.998,-0.09,-0.993,-0.07
        mu: 0.3
      ecnII:
        x: -0.00297
        y: -4.0e-05
        z: 0.0095
        rm: 0.996,0.09,0.006,0.0,0.07,-0.998,-0.09,0.993,0.07
        mu: 0.3
      mxbaL:
        x: 0.0
        y: 0.0094
        z: 0.01024
        rm: -0.0,1.0,0.0,-0.9,0.0,-0.437,-0.437,0.0,0.9
        mu: 0.3
      PNshN:
        x: 0.0
        y: -0.0094
        z: 0.01024
        rm: 0.0,-1.0,0.0,0.9,0.0,0.437,-0.437,0.0,0.9
        mu: 0.3
      fjlor:
        x: 0.0
        y: 0.0
        z: 0.015
        rm: 0.0,-0.3,0.954,0.0,0.954,0.3,-1.0,0.0,0.0
        mu: 0.3
