petri:
  stl file name: petri
  center of mass:
    x: 0.0
    y: 0.0
    z: 0.0075
  grasps:
    c8:
      GBcws:
        x: 0.025
        y: -0.0
        z: 0.015
        rm: 0.0,1.0,0.0,0.0,0.0,-1.0,-1.0,0.0,0.0
        mu: 0.3
      aDWnf:
        x: 0.02389
        y: 0.00737
        z: 0.0
        rm: 0.0,0.956,-0.295,0.0,0.295,0.956,1.0,0.0,0.0
        mu: 0.3
      elPTN:
        x: 0.03241
        y: 0.0074
        z: 0.0
        rm: 0.0,-0.975,0.223,0.0,-0.223,-0.975,1.0,0.0,0.0
        mu: 0.3
      DaJON:
        x: 0.04861
        y: 0.01109
        z: 0.0
        rm: -0.689,0.223,0.689,-0.157,-0.975,0.157,0.707,0.0,0.707
        mu: 0.3
      ETXfL:
        x: 0.02389
        y: -0.00737
        z: 0.0
        rm: 0.0,0.956,0.295,0.0,-0.295,0.956,1.0,0.0,0.0
        mu: 0.3
      pbkVj:
        x: 0.03241
        y: -0.0074
        z: 0.0
        rm: 0.0,-0.975,-0.223,0.0,0.223,-0.975,1.0,0.0,0.0
        mu: 0.3
      WgfQV:
        x: 0.04861
        y: -0.01109
        z: 0.0
        rm: -0.689,-0.223,0.689,0.157,-0.975,-0.157,0.707,0.0,0.707
        mu: 0.3
    c12:
      RwZZj:
        x: 0.04981
        y: 0.00248
        z: 0.01
        rm: -0.997,0.033,-0.067,-0.075,-0.445,0.893,0.0,0.895,0.446
        mu: 0.3
      LjGsv:
        x: -0.03483
        y: -0.0357
        z: 0.01
        rm: 0.68,-0.327,0.656,0.733,0.303,-0.609,0.0,0.895,0.446
        mu: 0.3
      musSZ:
        x: -0.04981
        y: -0.00248
        z: 0.01
        rm: 0.997,-0.033,0.067,0.075,0.445,-0.893,-0.0,0.895,0.446
        mu: 0.3
      drktA:
        x: -0.033
        y: 0.0374
        z: 0.01
        rm: 0.68,0.327,-0.656,-0.733,0.303,-0.609,-0.0,0.895,0.446
        mu: 0.3
      KvYfe:
        x: 0.00125
        y: 0.04986
        z: 0.01
        rm: 0.0,0.446,-0.895,-1.0,0.0,0.0,0.0,0.895,0.446
        mu: 0.3
    t+1:
      cCPSW:
        x: 0.025
        y: -0.0
        z: 0.015
        rm: 0.0,1.0,0.0,0.0,0.0,-1.0,-1.0,0.0,0.0
        mu: 0.3
      DisWZ:
        x: 0.03241
        y: 0.0074
        z: 0.0
        rm: 0.0,-0.975,0.223,0.0,-0.223,-0.975,1.0,0.0,0.0
        mu: 0.3
      icwrJ:
        x: 0.02389
        y: 0.00737
        z: 0.0
        rm: 0.0,0.956,-0.295,0.0,0.295,0.956,1.0,0.0,0.0
        mu: 0.3
      ibnje:
        x: 0.02879
        y: 0.01662
        z: 0.0
        rm: 0.0,0.735,-0.678,0.0,0.678,0.735,1.0,0.0,0.0
        mu: 0.3
      IcZJn:
        x: 0.02066
        y: 0.01408
        z: 0.0
        rm: 0.0,0.826,-0.563,0.0,0.563,0.826,1.0,0.0,0.0
        mu: 0.3
      CnMNP:
        x: 0.03241
        y: -0.0074
        z: 0.0
        rm: 0.0,-0.975,-0.223,0.0,0.223,-0.975,1.0,0.0,0.0
        mu: 0.3
      qmscN:
        x: 0.02389
        y: -0.00737
        z: 0.0
        rm: 0.0,0.956,0.295,0.0,-0.295,0.956,1.0,0.0,0.0
        mu: 0.3
      qWPqv:
        x: 0.02879
        y: -0.01662
        z: 0.0
        rm: 0.0,-0.866,-0.5,0.0,0.5,-0.866,1.0,0.0,0.0
        mu: 0.3
      HpvYM:
        x: 0.02066
        y: -0.01408
        z: 0.0
        rm: 0.0,0.826,0.563,0.0,-0.563,0.826,1.0,0.0,0.0
        mu: 0.3
    t+2:
      VthZg:
        x: 0.01833
        y: -0.017
        z: 0.015
        rm: 0.0,0.733,-0.68,0.0,-0.68,-0.733,-1.0,0.0,0.0
        mu: 0.3
      WMwfI:
        x: 0.025
        y: -0.0
        z: 0.0
        rm: 0.0,1.0,-0.0,0.0,0.0,1.0,1.0,0.0,0.0
        mu: 0.3
      fXfWG:
        x: 0.01833
        y: 0.017
        z: 0.015
        rm: 0.0,0.733,0.68,0.0,0.68,-0.733,-1.0,0.0,0.0
        mu: 0.3
    t+3.5:
      ZXIzT:
        x: 0.01833
        y: -0.017
        z: 0.015
        rm: 0.0,0.733,-0.68,0.0,-0.68,-0.733,-1.0,0.0,0.0
        mu: 0.3
      XIpwW:
        x: 0.025
        y: -0.0
        z: 0.0
        rm: 0.0,1.0,-0.0,0.0,0.0,1.0,1.0,0.0,0.0
        mu: 0.3
      egwVt:
        x: 0.01833
        y: 0.017
        z: 0.015
        rm: 0.0,0.733,0.68,0.0,0.68,-0.733,-1.0,0.0,0.0
        mu: 0.3
      zzxtT:
        x: 0.025
        y: -0.0
        z: 0.015
        rm: 0.0,1.0,0.0,0.0,0.0,-1.0,-1.0,0.0,0.0
        mu: 0.3
      UGNWP:
        x: -0.025
        y: -0.0
        z: 0.015
        rm: 0.0,-1.0,-0.0,0.0,-0.0,1.0,-1.0,0.0,0.0
        mu: 0.3
      GvLAu:
        x: -0.04981
        y: -0.00248
        z: 0.01
        rm: 0.997,-0.033,0.067,0.075,0.445,-0.893,-0.0,0.895,0.446
        mu: 0.3
    t+4:
      WRpOH:
        x: 0.025
        y: -0.0
        z: 0.015
        rm: 0.0,1.0,0.0,0.0,0.0,-1.0,-1.0,0.0,0.0
        mu: 0.3
      gKfjv:
        x: 0.01833
        y: 0.017
        z: 0.0
        rm: 0.0,0.733,-0.68,0.0,0.68,0.733,1.0,0.0,0.0
        mu: 0.3
      KBLGM:
        x: 0.025
        y: -0.0
        z: 0.0
        rm: 0.0,1.0,-0.0,0.0,0.0,1.0,1.0,0.0,0.0
        mu: 0.3
      oZufl:
        x: 0.01833
        y: -0.017
        z: 0.0
        rm: 0.0,0.733,0.68,0.0,-0.68,0.733,1.0,0.0,0.0
        mu: 0.3
      mHRSy:
        x: 0.00187
        y: -0.02493
        z: 0.0
        rm: 0.0,0.075,0.997,0.0,-0.997,0.075,1.0,0.0,0.0
        mu: 0.3
      gtbqB:
        x: -0.02261
        y: -0.02437
        z: 0.0
        rm: 0.0,0.68,-0.733,0.0,0.733,0.68,1.0,0.0,0.0
        mu: 0.3
      dySWU:
        x: 0.0147
        y: 0.04765
        z: 0.0
        rm: -0.208,0.956,0.208,-0.676,-0.295,0.676,0.707,0.0,0.707
        mu: 0.3
      LBPlH:
        x: 0.0
        y: 0.04986
        z: 0.0
        rm: 0.0,1.0,0.0,-0.707,0.0,0.707,0.707,0.0,0.707
        mu: 0.3
    t+5:
      LkHOj:
        x: 0.03315
        y: 0.00248
        z: 0.015
        rm: 0.0,-0.997,-0.075,0.0,-0.075,0.997,-1.0,0.0,0.0
        mu: 0.3
      nivgV:
        x: 0.04944
        y: 0.00745
        z: 0.015
        rm: -0.941,-0.255,0.222,-0.118,0.862,0.493,-0.317,0.438,-0.841
        mu: 0.3
      OuCsP:
        x: 0.04944
        y: -0.00745
        z: 0.015
        rm: -0.934,0.01,0.357,0.165,0.899,0.406,-0.317,0.438,-0.841
        mu: 0.3
      Ktdek:
        x: 0.03241
        y: -0.0074
        z: 0.015
        rm: 0.0,-0.975,0.223,0.0,0.223,0.975,-1.0,0.0,0.0
        mu: 0.3
      mTBwC:
        x: 0.03241
        y: -0.0074
        z: 0.0
        rm: 0.0,-0.975,-0.223,0.0,0.223,-0.975,1.0,0.0,0.0
        mu: 0.3
      ajiJo:
        x: 0.04944
        y: -0.00745
        z: 0.0
        rm: -0.941,0.041,-0.336,0.118,0.97,-0.211,0.317,-0.238,-0.918
        mu: 0.3
      FcTGU:
        x: 0.04972
        y: 0.00373
        z: 0.0
        rm: -0.705,0.075,0.705,-0.053,-0.997,0.053,0.707,0.0,0.707
        mu: 0.3
      bPQqf:
        x: 0.03315
        y: 0.00248
        z: 0.0
        rm: 0.0,0.957,-0.292,0.0,0.292,0.957,1.0,0.0,0.0
        mu: 0.3
  characteristic length: 0.05056
  forces:
    hold_X: '[0.147099750429584, 0.0, 0.0, 0.0, 0.0, 0.0]'
    hold_-X: '[-0.147099750429584, 0.0, 0.0, 0.0, 0.0, 0.0]'
    hold_Y: '[0.0, 0.147099750429584, 0.0, 0.0, 0.0, 0.0]'
    hold_-Y: '[0.0, -0.147099750429584, 0.0, 0.0, 0.0, 0.0]'
    hold_Z: '[0.0, 0.0, 0.147099750429584, 0.0, 0.0, 0.0]'
    hold_-Z: '[0.0, 0.0, -0.147099750429584, 0.0, 0.0, 0.0]'
    write: '[0.0, 0.0, -2.6124915676294043, -0.0739617545159946, 0.0739617545159946,
      0.0]'
marker:
  stl file name: marker
  center of mass:
    x: 0.0
    y: 0.0
    z: 0.02
  grasps:
    c8:
      XlGqc:
        x: 0.006
        y: 0.00023
        z: 0.0489
        rm: -0.998,-0.057,0.001,-0.057,0.998,-0.024,-0.0,-0.024,-1.0
        mu: 0.3
      jmymq:
        x: -0.00593
        y: 0.00092
        z: 0.0198
        rm: 0.988,0.153,0.0,-0.153,0.988,-0.0,-0.0,0.0,1.0
        mu: 0.3
      rBAFC:
        x: -0.00577
        y: -0.00054
        z: 0.08001
        rm: 0.988,-0.057,-0.14,0.085,-0.556,0.827,-0.126,-0.829,-0.545
        mu: 0.3
    f21:
      gpgPM:
        x: 0.00598
        y: -0.00046
        z: 0.0295
        rm: -0.997,-0.077,-0.0,0.077,-0.997,0.0,-0.0,0.0,1.0
        mu: 0.3
      FYYrO:
        x: -0.006
        y: 0.00023
        z: 0.0392
        rm: 0.998,-0.057,0.001,-0.057,-0.998,0.024,-0.0,-0.024,-1.0
        mu: 0.3
      qJlMD:
        x: -0.00593
        y: 0.00092
        z: 0.0198
        rm: 0.988,0.153,0.0,-0.153,0.988,-0.0,-0.0,0.0,1.0
        mu: 0.3
      DIBOS:
        x: 0.0
        y: -0.006
        z: 0.0295
        rm: 0.0,0.999,0.047,1.0,-0.0,0.0,0.0,0.047,-0.999
        mu: 0.3
      RsxPN:
        x: -0.00578
        y: -0.00051
        z: 3.0e-05
        rm: 0.992,0.032,0.12,0.077,-0.918,-0.389,0.098,0.396,-0.913
        mu: 0.3
    f26:
      nkuUQ:
        x: 0.00593
        y: 0.00092
        z: 0.0101
        rm: -0.988,-0.153,0.0,-0.153,0.988,0.0,0.0,0.0,-1.0
        mu: 0.3
      dqnPi:
        x: -0.00463
        y: -0.00381
        z: 0.0101
        rm: 0.771,0.636,0.0,0.636,-0.771,0.0,0.0,0.0,-1.0
        mu: 0.3
      jKfXa:
        x: -0.00432
        y: 0.00416
        z: 0.0101
        rm: 0.721,-0.693,0.0,-0.693,-0.721,0.0,0.0,0.0,-1.0
        mu: 0.3
    t+6:
      ogzFq:
        x: 0.00593
        y: 0.00092
        z: 0.0392
        rm: -0.988,0.153,0.0,-0.153,-0.988,0.0,0.0,0.0,1.0
        mu: 0.3
      PdWdc:
        x: -0.00046
        y: 0.00598
        z: 0.0392
        rm: 0.069,-0.997,0.024,-0.998,-0.069,0.002,0.0,-0.024,-1.0
        mu: 0.3
      xMicM:
        x: -0.006
        y: 0.00023
        z: 0.0392
        rm: 0.998,-0.057,0.001,-0.057,-0.998,0.024,-0.0,-0.024,-1.0
        mu: 0.3
      uwdYX:
        x: 0.00584
        y: -0.00137
        z: 0.0101
        rm: -0.974,0.228,0.0,0.228,0.974,0.0,0.0,0.0,-1.0
        mu: 0.3
      kmORS:
        x: -0.00046
        y: 0.00598
        z: 0.0101
        rm: 0.069,0.997,-0.024,-0.998,0.069,-0.002,0.0,0.024,1.0
        mu: 0.3
      WFpUj:
        x: -0.006
        y: 0.00023
        z: 0.0101
        rm: 0.998,0.057,-0.001,-0.057,0.998,-0.024,0.0,0.024,1.0
        mu: 0.3
    t+8:
      IPEAa:
        x: 0.00593
        y: 0.00092
        z: 0.0392
        rm: -0.988,0.153,0.0,-0.153,-0.988,0.0,0.0,0.0,1.0
        mu: 0.3
      OQSrq:
        x: -0.006
        y: 0.00023
        z: 0.0392
        rm: 0.998,-0.057,0.001,-0.057,-0.998,0.024,-0.0,-0.024,-1.0
        mu: 0.3
      ItOYi:
        x: -0.00477
        y: -0.00364
        z: 0.0295
        rm: 0.791,0.612,-0.014,0.612,-0.79,0.019,0.0,-0.024,-1.0
        mu: 0.3
      gmIRT:
        x: -0.00463
        y: -0.00381
        z: 0.0101
        rm: 0.771,0.636,0.0,0.636,-0.771,0.0,0.0,0.0,-1.0
        mu: 0.3
    t13:
      Asidr:
        x: 0.00598
        y: -0.00046
        z: 0.0295
        rm: -0.997,-0.077,-0.0,0.077,-0.997,0.0,-0.0,0.0,1.0
        mu: 0.3
      efeJt:
        x: -0.00598
        y: -0.00046
        z: 0.0295
        rm: 0.997,-0.077,0.0,0.077,0.997,0.0,-0.0,0.0,1.0
        mu: 0.3
  characteristic length: 0.06709
  forces:
    hold_X: '[0.098066500286389, 0.0, 0.0, 0.0, 0.0, 0.0]'
    hold_-X: '[-0.098066500286389, 0.0, 0.0, 0.0, 0.0, 0.0]'
    hold_Y: '[0.0, 0.098066500286389, 0.0, 0.0, 0.0, 0.0]'
    hold_-Y: '[0.0, -0.098066500286389, 0.0, 0.0, 0.0, 0.0]'
    hold_Z: '[0.0, 0.0, 0.098066500286389, 0.0, 0.0, 0.0]'
    hold_-Z: '[0.0, 0.0, -0.098066500286389, 0.0, 0.0, 0.0]'
    uncap: '[0.0, 0.098066500286389, -23.0, 0.0, 0.0, 0.0]'
    recap: '[0.0, 0.098066500286389, 34.4360515755655, 0.0, 0.0, 0.0]'
    write: '[0.0, 0.0, 2.367325316913431, 0.0, 0.0, 0.0]'
marker_cap:
  stl file name: marker_cap
  center of mass:
    x: 0.0
    y: 0.0
    z: -0.01
  grasps:
    c16:
      MDWge:
        x: 0.00597
        y: 0.0006
        z: -0.02013
        rm: -0.996,-0.002,-0.09,-0.09,0.024,0.996,0.0,1.0,-0.024
        mu: 0.3
      dwKqx:
        x: 0.00597
        y: -0.00054
        z: -0.03
        rm: -0.995,-0.09,0.032,0.09,-0.996,-0.003,0.032,0.0,0.999
        mu: 0.3
      BxIjs:
        x: -0.00598
        y: 0.00048
        z: -0.02013
        rm: 0.996,-0.002,-0.09,-0.09,-0.024,-0.996,0.0,1.0,-0.024
        mu: 0.3
      vDyNn:
        x: -0.00457
        y: -0.00389
        z: -0.02013
        rm: 0.768,0.016,0.64,0.64,-0.019,-0.768,0.0,1.0,-0.024
        mu: 0.3
      YXJYK:
        x: -0.0036
        y: 0.00479
        z: -0.02013
        rm: 0.593,-0.02,-0.805,-0.805,-0.015,-0.592,0.0,1.0,-0.024
        mu: 0.3
    f17:
      oYvkh:
        x: 0.00597
        y: 0.0006
        z: -0.02013
        rm: -0.996,-0.002,-0.09,-0.09,0.024,0.996,0.0,1.0,-0.024
        mu: 0.3
      oIwIW:
        x: -0.00457
        y: -0.00389
        z: -0.02013
        rm: 0.768,0.016,0.64,0.64,-0.019,-0.768,0.0,1.0,-0.024
        mu: 0.3
      QPrsj:
        x: -0.00525
        y: 0.00289
        z: -0.02013
        rm: 0.871,-0.012,-0.491,-0.491,-0.021,-0.871,0.0,1.0,-0.024
        mu: 0.3
      Xsepn:
        x: 0.00526
        y: -0.00026
        z: -0.04013
        rm: -0.995,-0.068,0.067,0.049,-0.968,-0.248,0.082,-0.243,0.966
        mu: 0.3
      woIrS:
        x: -0.00447
        y: -0.00278
        z: -0.04013
        rm: 0.846,0.493,-0.202,0.526,-0.715,0.46,0.082,-0.496,-0.865
        mu: 0.3
      JEzJu:
        x: -0.00384
        y: 0.0036
        z: -0.04013
        rm: 0.727,0.674,0.126,-0.681,0.688,0.251,0.082,-0.268,0.96
        mu: 0.3
    f21:
      iCinU:
        x: 0.00597
        y: 0.0006
        z: -0.02013
        rm: -0.996,-0.002,-0.09,-0.09,0.024,0.996,0.0,1.0,-0.024
        mu: 0.3
      HuWDB:
        x: -0.00598
        y: 0.00048
        z: -0.02013
        rm: 0.996,-0.002,-0.09,-0.09,-0.024,-0.996,0.0,1.0,-0.024
        mu: 0.3
      ZTACN:
        x: -0.00597
        y: -0.00054
        z: -0.03
        rm: 0.995,-0.09,-0.032,0.09,0.996,-0.003,0.032,0.0,0.999
        mu: 0.3
      UnbJY:
        x: 0.00526
        y: -0.00026
        z: -0.04013
        rm: -0.995,-0.068,0.067,0.049,-0.968,-0.248,0.082,-0.243,0.966
        mu: 0.3
    t16:
      Phsem:
        x: 0.00597
        y: 0.0006
        z: -0.02013
        rm: -0.996,-0.002,-0.09,-0.09,0.024,0.996,0.0,1.0,-0.024
        mu: 0.3
      RzMEO:
        x: -0.00598
        y: -0.00048
        z: -0.01027
        rm: 0.996,-0.004,0.09,0.09,0.049,-0.995,0.0,0.999,0.049
        mu: 0.3
      NBWDS:
        x: -0.0058
        y: 0.0
        z: 0.0
        rm: 0.678,0.0,-0.736,0.0,-1.0,0.0,-0.736,0.0,-0.678
        mu: 0.3
      QKszg:
        x: -0.00598
        y: 0.00048
        z: -0.02013
        rm: 0.996,-0.002,-0.09,-0.09,-0.024,-0.996,0.0,1.0,-0.024
        mu: 0.3
      CbxPI:
        x: -0.00598
        y: 0.00048
        z: -0.02013
        rm: 0.996,-0.002,-0.09,-0.09,-0.024,-0.996,0.0,1.0,-0.024
        mu: 0.3
  characteristic length: 0.04215
  forces:
    hold_X: '[0.0220649625644375, 0.0, 0.0, 0.0, 0.0, 0.0]'
    hold_-X: '[-0.0220649625644375, 0.0, 0.0, 0.0, 0.0, 0.0]'
    hold_Y: '[0.0, 0.0220649625644375, 0.0, 0.0, 0.0, 0.0]'
    hold_-Y: '[0.0, -0.0220649625644375, 0.0, 0.0, 0.0, 0.0]'
    hold_Z: '[0.0, 0.0, 0.0220649625644375, 0.0, 0.0, 0.0]'
    hold_-Z: '[0.0, 0.0, -0.0220649625644375, 0.0, 0.0, 0.0]'
    uncap: '[0.0, 0.0220649625644375, 23.0, 0.0, 0.0, 0.0]'
    recap: '[0.0, 0.0220649625644375, -34.4360515755655, 0.0, 0.0, 0.0]'
