petri:
  stl file name: petri
  center of mass:
    x: 0.0
    y: 0.0
    z: 0.75
  grasps:
    c8:
      0:
        x: 2.5
        y: -0.0
        z: 2.0
        rm: 0.0,1.0,0.0,0.0,0.0,-1.0,-1.0,0.0,0.0
        mu: 0.3
      1:
        x: 2.389
        y: 0.737
        z: 0.0
        rm: 0.0,0.956,-0.295,0.0,0.295,0.956,1.0,0.0,0.0
        mu: 0.3
      2:
        x: 3.241
        y: 0.74
        z: 0.0
        rm: 0.0,-0.975,0.223,0.0,-0.223,-0.975,1.0,0.0,0.0
        mu: 0.3
      3:
        x: 4.861
        y: 1.109
        z: 0.0
        rm: -0.689,0.223,0.689,-0.157,-0.975,0.157,0.707,0.0,0.707
        mu: 0.3
      4:
        x: 2.389
        y: -0.737
        z: 0.0
        rm: 0.0,0.956,0.295,0.0,-0.295,0.956,1.0,0.0,0.0
        mu: 0.3
      5:
        x: 3.241
        y: -0.74
        z: 0.0
        rm: 0.0,-0.975,-0.223,0.0,0.223,-0.975,1.0,0.0,0.0
        mu: 0.3
      6:
        x: 4.861
        y: -1.109
        z: 0.0
        rm: -0.689,-0.223,0.689,0.157,-0.975,-0.157,0.707,0.0,0.707
        mu: 0.3
    c12:
      0:
        x: 4.981
        y: 0.248
        z: 1.0
        rm: -0.997,0.033,-0.067,-0.075,-0.445,0.893,0.0,0.895,0.446
        mu: 0.3
      1:
        x: -3.483
        y: -3.57
        z: 1.0
        rm: 0.68,-0.327,0.656,0.733,0.303,-0.609,-0.0,0.895,0.446
        mu: 0.3
      2:
        x: -4.981
        y: -0.248
        z: 1.0
        rm: 0.997,-0.033,0.067,0.075,0.445,-0.893,0.0,0.895,0.446
        mu: 0.3
      3:
        x: -3.3
        y: 3.74
        z: 1.0
        rm: 0.68,0.327,-0.656,-0.733,0.303,-0.609,0.0,0.895,0.446
        mu: 0.3
      4:
        x: 0.125
        y: 4.986
        z: 1.0
        rm: 0.0,0.446,-0.895,-1.0,0.0,0.0,0.0,0.895,0.446
        mu: 0.3
    t+1:
      0:
        x: 2.5
        y: -0.0
        z: 2.0
        rm: 0.0,1.0,0.0,0.0,0.0,-1.0,-1.0,0.0,0.0
        mu: 0.3
      1:
        x: 3.241
        y: 0.74
        z: 0.0
        rm: 0.0,-0.975,0.223,0.0,-0.223,-0.975,1.0,0.0,0.0
        mu: 0.3
      2:
        x: 2.389
        y: 0.737
        z: 0.0
        rm: 0.0,0.956,-0.295,0.0,0.295,0.956,1.0,0.0,0.0
        mu: 0.3
      3:
        x: 2.879
        y: 1.662
        z: 0.0
        rm: 0.0,0.735,-0.678,0.0,0.678,0.735,1.0,0.0,0.0
        mu: 0.3
      4:
        x: 2.066
        y: 1.408
        z: 0.0
        rm: 0.0,0.826,-0.563,0.0,0.563,0.826,1.0,0.0,0.0
        mu: 0.3
      5:
        x: 3.241
        y: -0.74
        z: 0.0
        rm: 0.0,-0.975,-0.223,0.0,0.223,-0.975,1.0,0.0,0.0
        mu: 0.3
      6:
        x: 2.389
        y: -0.737
        z: 0.0
        rm: 0.0,0.956,0.295,0.0,-0.295,0.956,1.0,0.0,0.0
        mu: 0.3
      7:
        x: 2.879
        y: -1.662
        z: 0.0
        rm: 0.0,-0.866,-0.5,0.0,0.5,-0.866,1.0,0.0,0.0
        mu: 0.3
      8:
        x: 2.066
        y: -1.408
        z: 0.0
        rm: 0.0,0.826,0.563,0.0,-0.563,0.826,1.0,0.0,0.0
        mu: 0.3
    t+2:
      0:
        x: 1.833
        y: -1.7
        z: 2.0
        rm: 0.0,0.733,-0.68,0.0,-0.68,-0.733,-1.0,0.0,0.0
        mu: 0.3
      1:
        x: 2.5
        y: -0.0
        z: 0.0
        rm: 0.0,1.0,-0.0,0.0,0.0,1.0,1.0,0.0,0.0
        mu: 0.3
      2:
        x: 1.833
        y: 1.7
        z: 2.0
        rm: 0.0,0.733,0.68,0.0,0.68,-0.733,-1.0,0.0,0.0
        mu: 0.3
    t+3.5:
      0:
        x: 1.833
        y: -1.7
        z: 2.0
        rm: 0.0,0.733,-0.68,0.0,-0.68,-0.733,-1.0,0.0,0.0
        mu: 0.3
      1:
        x: 2.5
        y: -0.0
        z: 0.0
        rm: 0.0,1.0,-0.0,0.0,0.0,1.0,1.0,0.0,0.0
        mu: 0.3
      2:
        x: 1.833
        y: 1.7
        z: 2.0
        rm: 0.0,0.733,0.68,0.0,0.68,-0.733,-1.0,0.0,0.0
        mu: 0.3
      3:
        x: 2.5
        y: -0.0
        z: 2.0
        rm: 0.0,1.0,0.0,0.0,0.0,-1.0,-1.0,0.0,0.0
        mu: 0.3
      4:
        x: -2.5
        y: -0.0
        z: 2.0
        rm: 0.0,-1.0,-0.0,0.0,-0.0,1.0,-1.0,0.0,0.0
        mu: 0.3
      5:
        x: -4.981
        y: -0.248
        z: 1.0
        rm: 0.997,-0.033,0.067,0.075,0.445,-0.893,0.0,0.895,0.446
        mu: 0.3
    t+4:
      0:
        x: 2.5
        y: -0.0
        z: 2.0
        rm: 0.0,1.0,0.0,0.0,0.0,-1.0,-1.0,0.0,0.0
        mu: 0.3
      1:
        x: 1.833
        y: 1.7
        z: 0.0
        rm: 0.0,0.733,-0.68,0.0,0.68,0.733,1.0,0.0,0.0
        mu: 0.3
      2:
        x: 2.5
        y: -0.0
        z: 0.0
        rm: 0.0,1.0,-0.0,0.0,0.0,1.0,1.0,0.0,0.0
        mu: 0.3
      3:
        x: 1.833
        y: -1.7
        z: 0.0
        rm: 0.0,0.733,0.68,0.0,-0.68,0.733,1.0,0.0,0.0
        mu: 0.3
      4:
        x: 0.187
        y: -2.493
        z: 0.0
        rm: 0.0,0.075,0.997,0.0,-0.997,0.075,1.0,0.0,0.0
        mu: 0.3
      5:
        x: -2.261
        y: -2.437
        z: 0.0
        rm: 0.0,0.68,-0.733,0.0,0.733,0.68,1.0,0.0,0.0
        mu: 0.3
      6:
        x: 1.47
        y: 4.765
        z: 0.0
        rm: -0.208,0.956,0.208,-0.676,-0.295,0.676,0.707,0.0,0.707
        mu: 0.3
      7:
        x: 0.0
        y: 4.986
        z: 0.0
        rm: 0.0,1.0,0.0,-0.707,0.0,0.707,0.707,0.0,0.707
        mu: 0.3
    t+5:
      0:
        x: 3.315
        y: 0.248
        z: 2.0
        rm: 0.0,-0.997,-0.075,0.0,-0.075,0.997,-1.0,0.0,0.0
        mu: 0.3
      1:
        x: 4.943999767303467
        y: 0.7450000047683716
        z: 2.0
        rm: -0.884,-0.343,0.318,-0.133,0.836,0.532,-0.448,0.428,-0.785
        mu: 0.3
      2:
        x: 4.943999767303467
        y: -0.7450000047683716
        z: 2.0
        rm: -0.934,0.01,0.357,0.165,0.899,0.406,-0.317,0.438,-0.841
        mu: 0.3
      3:
        x: 3.241
        y: -0.74
        z: 2.0
        rm: 0.0,-0.975,0.223,0.0,0.223,0.975,-1.0,0.0,0.0
        mu: 0.3
      4:
        x: 3.241
        y: -0.74
        z: 0.0
        rm: 0.0,-0.975,-0.223,0.0,0.223,-0.975,1.0,0.0,0.0
        mu: 0.3
      5:
        x: 4.943999767303467
        y: -0.7450000047683716
        z: 0.0
        rm: -0.884,0.026,-0.467,0.133,0.971,-0.198,0.448,-0.237,-0.862
        mu: 0.3
      6:
        x: 4.972
        y: 0.373
        z: 0.0
        rm: -0.705,0.075,0.705,-0.053,-0.997,0.053,0.707,0.0,0.707
        mu: 0.3
      7:
        x: 3.315
        y: 0.248
        z: 0.0
        rm: 0.0,0.957,-0.292,0.0,0.292,0.957,1.0,0.0,0.0
        mu: 0.3
  forces:
    hold:
      x: 0.0
      y: 0.0
      z: -0.147099750429584
      mx: 0.0
      my: 0.0
      mz: 0.0
    write:
      x: 0.0
      y: 0.0
      z: -2.6124915676294043
      mx: -0.0739617545159946
      my: 0.0739617545159946
      mz: 0.0
  characteristic length: 0.0506
marker:
  stl file name: marker
  center of mass:
    x: 0.0
    y: 0.0
    z: 2.0
  grasps:
    c8:
      0:
        x: 0.591
        y: 0.018
        z: 5.0
        rm: -0.996,0.007,-0.092,-0.092,-0.076,0.993,0.0,0.997,0.076
        mu: 0.3
      1:
        x: -0.584
        y: 0.091
        z: 2.0
        rm: 0.996,0.004,0.092,-0.092,0.038,0.995,0.0,-0.999,0.038
        mu: 0.3
      2:
        x: -0.591
        y: -0.055
        z: 8.0
        rm: 0.996,-0.003,-0.092,0.092,-0.0,0.996,-0.003,-1.0,-0.0
        mu: 0.3
    f21:
      0:
        x: 0.597000002861023
        y: -0.054999999701976776
        z: 3.0
        rm: -0.996,-0.092,0.003,0.092,-0.995,0.037,0.0,0.038,0.999
        mu: 0.3
      1:
        x: -0.591
        y: 0.018
        z: 4.0
        rm: 0.996,-0.004,-0.092,-0.092,-0.038,-0.995,0.0,0.999,-0.038
        mu: 0.3
      2:
        x: -0.584
        y: 0.091
        z: 2.0
        rm: 0.996,0.004,0.092,-0.092,0.038,0.995,0.0,-0.999,0.038
        mu: 0.3
      3:
        x: 0.0
        y: -0.6000000238418579
        z: 3.0
        rm: -0.0,-0.999,0.038,1.0,-0.0,0.0,-0.0,0.038,0.999
        mu: 0.3
      4:
        x: -0.597000002861023
        y: -0.054999999701976776
        z: 0.0
        rm: 0.936,-0.128,-0.328,0.146,0.989,0.029,0.321,-0.075,0.944
        mu: 0.3
    f26:
      0:
        x: 0.584
        y: 0.091
        z: 1.0
        rm: -0.996,-0.007,0.092,-0.092,0.076,-0.993,0.0,-0.997,-0.076
        mu: 0.3
      1:
        x: -0.449
        y: -0.385
        z: 1.0
        rm: 0.798,0.046,-0.601,0.603,-0.061,0.796,0.0,-0.997,-0.076
        mu: 0.3
      2:
        x: -0.424
        y: 0.411
        z: 1.0
        rm: 0.674,-0.056,0.737,-0.739,-0.051,0.672,0.0,-0.997,-0.076
        mu: 0.3
    t+6:
      0:
        x: 0.584
        y: 0.091
        z: 4.0
        rm: -0.996,-0.004,-0.092,-0.092,0.038,0.995,0.0,0.999,-0.038
        mu: 0.3
      1:
        x: -0.037
        y: 0.59
        z: 4.0
        rm: 0.0,-0.038,-0.999,-1.0,0.0,0.0,0.0,0.999,-0.038
        mu: 0.3
      2:
        x: -0.591
        y: 0.018
        z: 4.0
        rm: 0.996,-0.004,-0.092,-0.092,-0.038,-0.995,0.0,0.999,-0.038
        mu: 0.3
      3:
        x: 0.577
        y: -0.126
        z: 1.0
        rm: -0.962,0.021,-0.273,0.274,0.073,-0.959,0.0,-0.997,-0.076
        mu: 0.3
      4:
        x: -0.037
        y: 0.59
        z: 1.0
        rm: 0.0,-0.076,0.997,-1.0,0.0,0.0,0.0,-0.997,-0.076
        mu: 0.3
      5:
        x: -0.591
        y: 0.018
        z: 1.0
        rm: 0.996,-0.007,0.092,-0.092,-0.076,0.993,0.0,-0.997,-0.076
        mu: 0.3
    t+8:
      0:
        x: 0.584
        y: 0.091
        z: 4.0
        rm: -0.996,-0.004,-0.092,-0.092,0.038,0.995,0.0,0.999,-0.038
        mu: 0.3
      1:
        x: -0.591
        y: 0.018
        z: 4.0
        rm: 0.996,-0.004,-0.092,-0.092,-0.038,-0.995,0.0,0.999,-0.038
        mu: 0.3
      2:
        x: -0.471
        y: -0.355
        z: 3.0
        rm: 0.798,0.603,0.0,0.603,-0.798,0.0,0.0,0.0,-1.0
        mu: 0.3
      3:
        x: -0.449
        y: -0.385
        z: 1.0
        rm: 0.798,0.046,-0.601,0.603,-0.061,0.796,0.0,-0.997,-0.076
        mu: 0.3
    t13:
      0:
        x: 0.597000002861023
        y: -0.054999999701976776
        z: 3.0
        rm: -0.996,-0.092,0.003,0.092,-0.995,0.037,0.0,0.038,0.999
        mu: 0.3
      1:
        x: -0.597000002861023
        y: -0.054999999701976776
        z: 3.0
        rm: 0.996,-0.092,0.003,0.092,0.995,-0.037,-0.0,0.038,0.999
        mu: 0.3
  forces:
    hold:
      x: 0.0
      y: 0.098066500286389
      z: 0.0
      mx: 0.0
      my: 0.0
      mz: 0.0
    uncap:
      x: 0.0
      y: 0.098066500286389
      z: -23.0
      mx: 0.0
      my: 0.0
      mz: 0.0
    recap:
      x: 0.0
      y: 0.098066500286389
      z: 34.4360515755655
      mx: 0.0
      my: 0.0
      mz: 0.0
    write:
      x: 0.0
      y: 0.0
      z: 2.367325316913431
      mx: 0.0
      my: 0.0
      mz: 0.0
  characteristic length: 0.0901
marker_cap:
  stl file name: marker_cap
  center of mass:
    x: 0.0
    y: 0.0
    z: -1.0
  grasps:
    c16:
      0:
        x: 0.588
        y: 0.062
        z: -2.0
        rm: -0.995,0.004,-0.105,-0.105,0.0,0.995,0.004,1.0,0.0
        mu: 0.3
      1:
        x: 0.597000002861023
        y: -0.06300000101327896
        z: -3.0
        rm: -0.995,0.03,-0.093,0.095,0.506,-0.857,0.022,-0.862,-0.506
        mu: 0.3
      2:
        x: -0.588
        y: 0.062
        z: -2.0
        rm: 0.995,-0.004,-0.105,-0.105,0.0,-0.995,0.004,1.0,-0.0
        mu: 0.3
      3:
        x: -0.439
        y: -0.396
        z: -2.0
        rm: 0.743,-0.003,0.669,0.669,-0.003,-0.743,0.004,1.0,0.0
        mu: 0.3
      4:
        x: -0.348
        y: 0.478
        z: -2.0
        rm: 0.588,-0.003,-0.809,-0.809,0.004,-0.588,0.004,1.0,-0.0
        mu: 0.3
    f17:
      0:
        x: 0.588
        y: 0.062
        z: -2.0
        rm: -0.995,0.004,-0.105,-0.105,0.0,0.995,0.004,1.0,0.0
        mu: 0.3
      1:
        x: -0.439
        y: -0.396
        z: -2.0
        rm: 0.743,-0.003,0.669,0.669,-0.003,-0.743,0.004,1.0,0.0
        mu: 0.3
      2:
        x: -0.512
        y: 0.296
        z: -2.0
        rm: 0.866,-0.004,-0.5,-0.5,0.002,-0.866,0.004,1.0,0.0
        mu: 0.3
      3:
        x: 0.52
        y: -0.026
        z: -4.0
        rm: -0.995,0.049,-0.081,0.049,0.999,0.004,0.081,0.0,-0.997
        mu: 0.3
      4:
        x: -0.441
        y: -0.274
        z: -4.0
        rm: 0.846,0.528,0.069,0.526,-0.849,0.043,0.081,0.0,-0.997
        mu: 0.3
      5:
        x: -0.379
        y: 0.355
        z: -4.0
        rm: 0.727,0.684,-0.059,-0.681,0.73,0.056,0.081,0.0,0.997
        mu: 0.3
    f21:
      0:
        x: 0.588
        y: 0.062
        z: -2.0
        rm: -0.995,0.004,-0.105,-0.105,0.0,0.995,0.004,1.0,0.0
        mu: 0.3
      1:
        x: -0.588
        y: 0.062
        z: -2.0
        rm: 0.995,-0.004,-0.105,-0.105,0.0,-0.995,0.004,1.0,-0.0
        mu: 0.3
      2:
        x: -0.597000002861023
        y: -0.06300000101327896
        z: -3.0
        rm: 0.995,0.036,0.09,0.093,-0.615,-0.783,0.027,0.787,-0.616
        mu: 0.3
      3:
        x: 0.52
        y: -0.026
        z: -4.0
        rm: -0.995,0.049,-0.081,0.049,0.999,0.004,0.081,0.0,-0.997
        mu: 0.3
    t16:
      0:
        x: 0.588
        y: 0.062
        z: -2.0
        rm: -0.995,0.004,-0.105,-0.105,0.0,0.995,0.004,1.0,0.0
        mu: 0.3
      1:
        x: -0.588
        y: -0.062
        z: -1.0
        rm: 0.995,-0.009,0.104,0.105,0.125,-0.987,-0.004,0.992,0.125
        mu: 0.3
      2:
        x: -0.5799999833106995
        y: 0.0
        z: 0.0
        rm: 1.0,0.0,0.0,0.0,-0.146,-0.989,-0.0,0.989,-0.146
        mu: 0.3
      3:
        x: -0.588
        y: 0.062
        z: -2.0
        rm: 0.995,-0.004,-0.105,-0.105,0.0,-0.995,0.004,1.0,-0.0
        mu: 0.3
      4:
        x: -0.588
        y: 0.062
        z: -2.0
        rm: 0.995,-0.004,-0.105,-0.105,0.0,-0.995,0.004,1.0,-0.0
        mu: 0.3
  forces:
    hold:
      x: 0.0
      y: 0.0220649625644375
      z: 0.0
      mx: 0.0
      my: 0.0
      mz: 0.0
    uncap:
      x: 0.0
      y: 0.0220649625644375
      z: 23.0
      mx: 0.0
      my: 0.0
      mz: 0.0
    recap:
      x: 0.0
      y: 0.0220649625644375
      z: -34.4360515755655
      mx: 0.0
      my: 0.0
      mz: 0.0
  characteristic length: 0.03
kit:
  stl file name: kit
  center of mass:
    x: 0.0
    y: 0.0
    z: -2.0
  grasps:
    c1:
      0:
        x: -5.796
        y: -7.456
        z: -2.0
        rm: 0.998,-0.027,0.064,-0.0,-0.92,-0.391,0.07,0.39,-0.918
        mu: 0.3
      1:
        x: -5.5370001792907715
        y: -7.763000011444092
        z: -6.0
        rm: 0.563,0.692,0.451,-0.564,-0.077,0.822,0.604,-0.717,0.348
        mu: 0.3
      2:
        x: -1.846
        y: -8.096
        z: -6.0
        rm: 0.0,-0.996,-0.09,0.0,0.09,-0.996,1.0,0.0,0.0
        mu: 0.3
      3:
        x: -5.745
        y: -5.058
        z: -3.0
        rm: 0.998,0.032,-0.062,0.0,0.885,0.465,0.07,-0.464,0.883
        mu: 0.3
      4:
        x: -5.597
        y: -5.013
        z: -5.0
        rm: 0.998,-0.016,-0.068,0.0,0.973,-0.231,0.07,0.23,0.971
        mu: 0.3
      5:
        x: -1.846
        y: -3.096
        z: -6.0
        rm: 0.0,-0.975,-0.22,0.0,0.22,-0.975,1.0,0.0,0.0
        mu: 0.3
      6:
        x: -5.847
        y: -0.838
        z: -2.0
        rm: 0.998,0.068,-0.013,0.0,0.192,0.981,0.07,-0.979,0.191
        mu: 0.3
      7:
        x: -5.59
        y: -0.263
        z: -5.0
        rm: 0.705,0.07,-0.705,0.707,0.0,0.707,0.049,-0.998,-0.049
        mu: 0.3
      8:
        x: -1.846
        y: 1.404
        z: -6.0
        rm: 0.0,-0.975,-0.22,0.0,0.22,-0.975,1.0,0.0,0.0
        mu: 0.3
      9:
        x: -6.45
        y: 3.467
        z: 0.0
        rm: 0.0,0.072,-0.997,0.0,0.997,0.072,1.0,0.0,0.0
        mu: 0.3
      10:
        x: -5.597
        y: 4.487
        z: -5.0
        rm: 0.998,0.009,-0.069,0.0,0.991,0.136,0.07,-0.136,0.988
        mu: 0.3
      11:
        x: -1.85
        y: 4.571
        z: -6.0
        rm: 0.0,-0.996,0.09,0.0,-0.09,-0.996,1.0,0.0,0.0
        mu: 0.3
      12:
        x: 5.745
        y: -5.058
        z: -3.0
        rm: -0.998,0.025,0.065,-0.0,-0.932,0.361,0.07,0.36,0.93
        mu: 0.3
      13:
        x: 5.642000198364258
        y: -2.263000011444092
        z: -4.0
        rm: -0.96,0.239,-0.144,-0.16,-0.053,0.986,0.228,0.97,0.089
        mu: 0.3
      14:
        x: 1.846
        y: 0.571
        z: -6.0
        rm: 0.0,-0.994,0.112,0.0,-0.112,-0.994,1.0,0.0,0.0
        mu: 0.3
    c13:
      0:
        x: -5.796
        y: -7.456
        z: -2.0
        rm: 0.998,-0.027,0.064,-0.0,-0.92,-0.391,0.07,0.39,-0.918
        mu: 0.3
      1:
        x: -5.745
        y: -5.058
        z: -3.0
        rm: 0.998,0.032,-0.062,0.0,0.885,0.465,0.07,-0.464,0.883
        mu: 0.3
      2:
        x: -5.847
        y: -0.838
        z: -2.0
        rm: 0.998,0.068,-0.013,0.0,0.192,0.981,0.07,-0.979,0.191
        mu: 0.3
      3:
        x: -6.45
        y: 3.467
        z: 0.0
        rm: 0.0,0.072,-0.997,0.0,0.997,0.072,1.0,0.0,0.0
        mu: 0.3
      4:
        x: 5.745
        y: -5.058
        z: -3.0
        rm: -0.998,0.025,0.065,-0.0,-0.932,0.361,0.07,0.36,0.93
        mu: 0.3
  forces:
    hold:
      x: 0.0
      y: 0.0
      z: -1.67693715489725
      mx: 0.0
      my: 0.0
      mz: 0.0
    open:
      x: 0.0
      y: 0.0
      z: 18.32306284510275
      mx: 2.6
      my: -1.2
      mz: 0.0
  characteristic length: 0.1482
kit_tab:
  stl file name: kit_tab
  center of mass:
    x: 0.0
    y: 0.0
    z: 0.9
  grasps:
    c16:
      0:
        x: 0.05
        y: 0.297
        z: 1.0
        rm: -0.707,0.0,-0.707,0.704,0.098,-0.704,0.069,-0.995,-0.069
        mu: 0.3
      1:
        x: -0.05
        y: 0.297
        z: 1.0
        rm: 0.707,0.0,0.707,0.704,-0.098,-0.704,0.069,0.995,-0.069
        mu: 0.3
      2:
        x: 0.05
        y: 0.896
        z: 1.0
        rm: -1.0,0.0,0.0,0.0,-0.406,0.914,0.0,0.914,0.406
        mu: 0.3
      3:
        x: 0.05
        y: -0.896
        z: 1.0
        rm: -1.0,0.0,0.0,0.0,-0.85,-0.528,0.0,-0.528,0.85
        mu: 0.3
      4:
        x: 0.0
        y: 0.0
        z: 0.0
        rm: 0.0,-0.029,-1.0,0.0,1.0,-0.029,1.0,0.0,0.0
        mu: 0.3
  forces:
    hold:
      x: 0.0
      y: 0.0
      z: -0.00392266001145556
      mx: 0.0
      my: 0.0
      mz: 0.0
    open:
      x: 0.0
      y: 0.0
      z: -20.003922660011455
      mx: 0.0
      my: 0.0
      mz: 0.0
  characteristic length: 0.018
canister:
  stl file name: canister
  center of mass:
    x: 0.0
    y: 0.0
    z: 3.0
  grasps:
    c3:
      0:
        x: -2.292
        y: -0.0
        z: 7.0
        rm: 0.999,-0.034,0.0,-0.0,-0.0,1.0,-0.034,-0.999,-0.0
        mu: 0.3
      1:
        x: -1.565
        y: -1.673
        z: 7.0
        rm: 0.669,-0.033,-0.743,0.743,-0.015,0.669,-0.033,-0.999,0.014
        mu: 0.3
      2:
        x: -0.315
        y: -2.268
        z: 7.0
        rm: 0.104,-0.028,-0.994,0.994,-0.03,0.105,-0.032,-0.999,0.025
        mu: 0.3
      3:
        x: -2.38
        y: 0.239
        z: 4.0
        rm: 0.995,-0.039,0.095,-0.098,-0.077,0.992,-0.031,-0.996,-0.08
        mu: 0.3
      4:
        x: -1.827
        y: -1.543
        z: 4.0
        rm: 0.773,0.019,-0.635,0.634,-0.072,0.77,-0.031,-0.997,-0.068
        mu: 0.3
      5:
        x: -0.163
        y: -2.384
        z: 4.0
        rm: 0.098,0.052,-0.994,0.995,-0.037,0.096,-0.032,-0.998,-0.056
        mu: 0.3
      6:
        x: -2.344
        y: 0.115
        z: 6.0
        rm: 0.998,0.034,-0.048,-0.049,0.025,-0.998,-0.032,0.999,0.026
        mu: 0.3
      7:
        x: -1.701
        y: -1.62
        z: 6.0
        rm: 0.723,0.014,0.691,0.69,0.032,-0.723,-0.032,0.999,0.013
        mu: 0.3
      8:
        x: 0.0
        y: -2.35
        z: 6.0
        rm: -0.0,-0.0,1.0,0.999,0.032,0.0,-0.032,0.999,0.0
        mu: 0.3
      9:
        x: -2.5
        y: -0.0
        z: 1.0
        rm: 0.957,0.024,-0.289,0.0,0.996,0.084,0.29,-0.08,0.954
        mu: 0.3
      10:
        x: -1.7680000066757202
        y: -1.7680000066757202
        z: 1.0
        rm: 0.665,-0.703,-0.252,0.689,0.708,-0.159,0.29,-0.068,0.955
        mu: 0.3
      11:
        x: 0.0
        y: -2.5
        z: 1.0
        rm: -0.0,-0.993,-0.116,0.905,0.05,-0.423,0.426,-0.105,0.899
        mu: 0.3
      12:
        x: 1.565
        y: 1.673
        z: 7.0
        rm: -0.669,0.033,0.743,-0.743,0.015,-0.669,-0.033,-0.999,0.014
        mu: 0.3
      13:
        x: 0.315
        y: 2.268
        z: 7.0
        rm: -0.104,0.046,-0.993,-0.994,-0.037,0.103,-0.032,0.998,0.049
        mu: 0.3
      14:
        x: 1.827
        y: 1.543
        z: 4.0
        rm: -0.773,-0.019,0.635,-0.634,0.072,-0.77,-0.031,-0.997,-0.068
        mu: 0.3
      15:
        x: 1.7680000066757202
        y: 1.7680000066757202
        z: 1.0
        rm: -0.665,0.703,0.252,-0.689,-0.708,0.159,0.29,-0.068,0.955
        mu: 0.3
    c6:
      0:
        x: -2.292
        y: -0.0
        z: 7.0
        rm: 0.999,-0.034,0.0,-0.0,-0.0,1.0,-0.034,-0.999,-0.0
        mu: 0.3
      1:
        x: -2.38
        y: 0.239
        z: 4.0
        rm: 0.995,-0.039,0.095,-0.098,-0.077,0.992,-0.031,-0.996,-0.08
        mu: 0.3
      2:
        x: -2.344
        y: 0.115
        z: 6.0
        rm: 0.998,0.034,-0.048,-0.049,0.025,-0.998,-0.032,0.999,0.026
        mu: 0.3
      3:
        x: -2.5
        y: -0.0
        z: 1.0
        rm: 0.957,0.024,-0.289,0.0,0.996,0.084,0.29,-0.08,0.954
        mu: 0.3
      4:
        x: 2.344
        y: 0.115
        z: 6.0
        rm: -0.998,-0.034,-0.048,-0.049,0.025,0.998,-0.032,0.999,-0.026
        mu: 0.3
    t1:
      0:
        x: -2.292
        y: -0.0
        z: 7.0
        rm: 0.999,-0.034,0.0,-0.0,-0.0,1.0,-0.034,-0.999,-0.0
        mu: 0.3
      1:
        x: -1.565
        y: -1.673
        z: 7.0
        rm: 0.669,-0.033,-0.743,0.743,-0.015,0.669,-0.033,-0.999,0.014
        mu: 0.3
      2:
        x: -0.315
        y: -2.268
        z: 7.0
        rm: 0.104,-0.028,-0.994,0.994,-0.03,0.105,-0.032,-0.999,0.025
        mu: 0.3
      3:
        x: -2.38
        y: 0.239
        z: 4.0
        rm: 0.995,-0.039,0.095,-0.098,-0.077,0.992,-0.031,-0.996,-0.08
        mu: 0.3
      4:
        x: -1.827
        y: -1.543
        z: 4.0
        rm: 0.773,0.019,-0.635,0.634,-0.072,0.77,-0.031,-0.997,-0.068
        mu: 0.3
      5:
        x: -0.163
        y: -2.384
        z: 4.0
        rm: 0.098,0.052,-0.994,0.995,-0.037,0.096,-0.032,-0.998,-0.056
        mu: 0.3
      6:
        x: -2.344
        y: 0.115
        z: 6.0
        rm: 0.998,0.034,-0.048,-0.049,0.025,-0.998,-0.032,0.999,0.026
        mu: 0.3
      7:
        x: -1.701
        y: -1.62
        z: 6.0
        rm: 0.723,0.014,0.691,0.69,0.032,-0.723,-0.032,0.999,0.013
        mu: 0.3
      8:
        x: 0.0
        y: -2.35
        z: 6.0
        rm: -0.0,-0.0,1.0,0.999,0.032,0.0,-0.032,0.999,0.0
        mu: 0.3
      9:
        x: -2.5
        y: -0.0
        z: 1.0
        rm: 0.957,0.024,-0.289,0.0,0.996,0.084,0.29,-0.08,0.954
        mu: 0.3
      10:
        x: -1.7680000066757202
        y: -1.7680000066757202
        z: 1.0
        rm: 0.665,-0.703,-0.252,0.689,0.708,-0.159,0.29,-0.068,0.955
        mu: 0.3
      11:
        x: 0.0
        y: -2.35
        z: 6.0
        rm: -0.0,-0.0,1.0,0.999,0.032,0.0,-0.032,0.999,0.0
        mu: 0.3
      12:
        x: 1.701
        y: 1.62
        z: 6.0
        rm: -0.723,-0.014,-0.691,-0.69,-0.032,0.723,-0.032,0.999,0.013
        mu: 0.3
  forces:
    hold:
      x: 0.0
      y: 0.0
      z: -0.367749376073959
      mx: 0.0
      my: 0.0
      mz: 0.0
    insert:
      x: 0.0
      y: 0.0
      z: 86.79865940348294
      mx: 0.0
      my: 0.0
      mz: 0.0
    remove:
      x: 0.0
      y: 0.0
      z: -110.36774937607396
      mx: 0.0
      my: 0.0
      mz: 0.0
  characteristic length: 0.0782
tube:
  stl file name: tube
  center of mass:
    x: 0.0
    y: 0.0
    z: 2.5
  grasps:
    c6:
      0:
        x: 0.032
        y: 0.244
        z: 2.0
        rm: -0.195,-0.029,-0.98,-0.981,0.006,0.195,0.0,1.0,-0.029
        mu: 0.3
      1:
        x: -0.032
        y: -0.244
        z: 2.0
        rm: 0.195,0.029,0.98,0.981,-0.006,-0.195,0.0,1.0,-0.029
        mu: 0.3
      2:
        x: 0.032
        y: -0.244
        z: 3.0
        rm: -0.195,-0.057,0.979,0.981,-0.011,0.195,-0.0,0.998,0.058
        mu: 0.3
      3:
        x: -0.032
        y: -0.244
        z: 2.0
        rm: 0.195,0.029,0.98,0.981,-0.006,-0.195,0.0,1.0,-0.029
        mu: 0.3
      4:
        x: 0.032
        y: -0.244
        z: 3.0
        rm: -0.195,-0.057,0.979,0.981,-0.011,0.195,-0.0,0.998,0.058
        mu: 0.3
    c8:
      0:
        x: 0.032
        y: 0.244
        z: 2.0
        rm: -0.195,-0.029,-0.98,-0.981,0.006,0.195,0.0,1.0,-0.029
        mu: 0.3
      1:
        x: -0.032
        y: -0.244
        z: 2.0
        rm: 0.195,0.029,0.98,0.981,-0.006,-0.195,0.0,1.0,-0.029
        mu: 0.3
      2:
        x: 0.032
        y: -0.244
        z: 3.0
        rm: -0.195,-0.057,0.979,0.981,-0.011,0.195,-0.0,0.998,0.058
        mu: 0.3
    t6:
      0:
        x: -0.032
        y: -0.244
        z: 2.0
        rm: 0.195,0.029,0.98,0.981,-0.006,-0.195,0.0,1.0,-0.029
        mu: 0.3
      1:
        x: 0.032
        y: 0.244
        z: 2.0
        rm: -0.195,-0.029,-0.98,-0.981,0.006,0.195,0.0,1.0,-0.029
        mu: 0.3
      2:
        x: -0.244
        y: 0.032
        z: 2.0
        rm: 0.981,-0.006,-0.195,-0.195,-0.029,-0.98,0.0,1.0,-0.029
        mu: 0.3
      3:
        x: 0.244
        y: -0.032
        z: 2.0
        rm: -0.981,0.006,0.195,0.195,0.029,0.98,0.0,1.0,-0.029
        mu: 0.3
      4:
        x: 0.032
        y: -0.244
        z: 3.0
        rm: -0.195,-0.057,0.979,0.981,-0.011,0.195,-0.0,0.998,0.058
        mu: 0.3
      5:
        x: -0.032
        y: 0.244
        z: 3.0
        rm: 0.195,0.057,-0.979,-0.981,0.011,-0.195,-0.0,0.998,0.058
        mu: 0.3
      6:
        x: -0.244
        y: -0.032
        z: 3.0
        rm: 0.981,-0.011,0.195,0.195,0.057,-0.979,-0.0,0.998,0.058
        mu: 0.3
      7:
        x: 0.244
        y: 0.032
        z: 3.0
        rm: -0.981,0.011,-0.195,-0.195,-0.057,0.979,-0.0,0.998,0.058
        mu: 0.3
    t10:
      0:
        x: 0.244
        y: -0.032
        z: 2.0
        rm: -0.981,0.006,0.195,0.195,0.029,0.98,0.0,1.0,-0.029
        mu: 0.3
      1:
        x: -0.15
        y: 0.195
        z: 2.0
        rm: 0.556,-0.024,-0.831,-0.831,-0.016,-0.555,0.0,1.0,-0.029
        mu: 0.3
      2:
        x: -0.195
        y: -0.15
        z: 2.0
        rm: 0.831,0.016,0.555,0.556,-0.024,-0.831,0.0,1.0,-0.029
        mu: 0.3
  forces:
    hold:
      x: 0.0
      y: 0.304006150887806
      z: 0.0
      mx: 0.0
      my: 0.0
      mz: 0.0
    insert:
      x: 0.0
      y: 0.0
      z: 45.98338198428781
      mx: 0.0
      my: 0.0
      mz: 0.0
  characteristic length: 0.0251
needle:
  stl file name: needle
  center of mass:
    x: 0.0
    y: 0.0
    z: 4.0
  grasps:
    f26:
      0:
        x: 0.7
        y: 0.0
        z: 7.0
        rm: -1.0,0.0,0.0,0.0,0.344,0.939,0.0,0.939,-0.344
        mu: 0.3
      1:
        x: -0.7
        y: 0.0
        z: 7.0
        rm: 1.0,0.0,0.0,0.0,-0.344,-0.939,0.0,0.939,-0.344
        mu: 0.3
      2:
        x: -0.7
        y: 0.25
        z: 8.0
        rm: 1.0,0.0,0.0,0.0,0.18,0.984,0.0,-0.984,0.18
        mu: 0.3
    t10:
      0:
        x: -0.7
        y: 0.75
        z: 7.0
        rm: 0.707,0.0,-0.707,-0.707,0.0,-0.707,0.0,1.0,0.0
        mu: 0.3
      1:
        x: -0.7
        y: -0.75
        z: 7.0
        rm: 0.707,0.0,-0.707,0.707,0.0,0.707,0.0,-1.0,0.0
        mu: 0.3
      2:
        x: 0.7
        y: 0.0
        z: 7.0
        rm: -1.0,0.0,0.0,0.0,0.344,0.939,0.0,0.939,-0.344
        mu: 0.3
    t16:
      0:
        x: -0.7
        y: 0.75
        z: 7.0
        rm: 0.707,0.0,-0.707,-0.707,0.0,-0.707,0.0,1.0,0.0
        mu: 0.3
      1:
        x: -0.7
        y: -0.75
        z: 7.0
        rm: 0.707,0.0,-0.707,0.707,0.0,0.707,0.0,-1.0,0.0
        mu: 0.3
      2:
        x: 0.7
        y: 0.0
        z: 7.0
        rm: -1.0,0.0,0.0,0.0,0.344,0.939,0.0,0.939,-0.344
        mu: 0.3
      3:
        x: -1.2
        y: 0.75
        z: 5.0
        rm: 0.0,-0.981,0.196,-1.0,0.0,0.0,0.0,-0.196,-0.981
        mu: 0.3
      4:
        x: -1.2
        y: -0.75
        z: 5.0
        rm: 0.0,0.981,0.196,1.0,0.0,0.0,0.0,0.196,-0.981
        mu: 0.3
  forces:
    uncap:
      x: 0.0
      y: 0.102969825300708
      z: -9.4
      mx: 0.0
      my: 0.0
      mz: 0.0
    hold:
      x: 0.0
      y: 0.0
      z: -0.102969825300708
      mx: 0.0
      my: 0.0
      mz: 0.0
    pierce:
      x: 0.0
      y: 0.0
      z: 23.32511709311759
      mx: 0.0
      my: 0.0
      mz: 0.0
    unpierce:
      x: 0.0
      y: 0.0
      z: -11.102969825300708
      mx: 0.0
      my: 0.0
      mz: 0.0
    hold horizontal:
      x: 0.102969825300708
      y: 0.0
      z: 0.0
      mx: 0.0
      my: 0.0
      mz: 0.0
  characteristic length: 0.054
needle_cap:
  stl file name: needle_cap
  center of mass:
    x: 0.0
    y: 0.0
    z: 2.0
  grasps:
    c8:
      0:
        x: 0.591
        y: -0.035
        z: 2.0
        rm: -1.0,0.0,0.0,0.0,-0.042,-0.999,0.0,-0.999,0.042
        mu: 0.3
      1:
        x: -0.591
        y: -0.035
        z: 1.0
        rm: 1.0,0.0,0.0,0.0,-0.083,0.997,0.0,-0.997,-0.083
        mu: 0.3
      2:
        x: -0.591
        y: 0.035
        z: 4.0
        rm: 1.0,0.0,0.0,0.0,0.083,-0.997,0.0,0.997,0.083
        mu: 0.3
    t10:
      0:
        x: 0.591
        y: -0.035
        z: 2.0
        rm: -1.0,0.0,0.0,0.0,-0.042,-0.999,0.0,-0.999,0.042
        mu: 0.3
      1:
        x: -0.265
        y: 0.529
        z: 2.0
        rm: 0.5,0.036,0.865,-0.866,0.021,0.5,0.0,-0.999,0.042
        mu: 0.3
      2:
        x: -0.326
        y: -0.494
        z: 2.0
        rm: 0.5,-0.036,-0.865,0.866,0.021,0.5,0.0,-0.999,0.042
        mu: 0.3
  forces:
    uncap:
      x: 0.0
      y: 0.00980665002863889
      z: 9.4
      mx: 0.0
      my: 0.0
      mz: 0.0
  characteristic length: 0.0737
rinse_glass:
  stl file name: rinse_glass
  center of mass:
    x: 0.0
    y: 0.0
    z: 6.5
  grasps:
    c6:
      0:
        x: 3.786
        y: 0.322
        z: 7.0
        rm: -0.999,0.003,-0.051,-0.051,-0.183,0.982,-0.006,0.983,0.183
        mu: 0.3
      1:
        x: -3.799
        y: 0.063
        z: 7.0
        rm: 0.999,0.015,-0.049,-0.051,0.182,-0.982,-0.006,0.983,0.183
        mu: 0.3
      2:
        x: -3.744
        y: 0.249
        z: 10.0
        rm: 0.989,-0.031,0.147,-0.05,0.853,0.519,-0.141,-0.521,0.842
        mu: 0.3
      3:
        x: -3.821
        y: 0.063
        z: 1.0
        rm: 0.993,-0.016,0.119,-0.016,-1.0,-0.002,0.119,0.0,-0.993
        mu: 0.3
      4:
        x: -3.801
        y: 0.19
        z: 6.0
        rm: 0.999,-0.011,0.05,-0.051,-0.092,0.994,-0.006,-0.996,-0.093
        mu: 0.3
    t1:
      0:
        x: 1.5
        y: 0.157
        z: 16.0
        rm: -0.988,-0.064,0.143,-0.156,0.403,-0.902,0.0,-0.913,-0.409
        mu: 0.3
      1:
        x: -1.4900000095367432
        y: 1.3960000276565552
        z: 14.0
        rm: 0.568,0.783,0.253,-0.533,0.584,-0.612,-0.627,0.213,0.749
        mu: 0.3
      2:
        x: -1.234
        y: -0.073
        z: 15.0
        rm: 1.0,0.0,0.0,0.0,-0.429,-0.903,0.0,0.903,-0.429
        mu: 0.3
      3:
        x: -1.415
        y: -1.462
        z: 14.0
        rm: 0.542,0.719,-0.435,0.56,-0.695,-0.45,-0.626,0.0,-0.78
        mu: 0.3
      4:
        x: -2.107
        y: 1.672
        z: 13.0
        rm: 0.673,-0.622,-0.401,-0.534,-0.783,0.318,-0.511,0.0,-0.859
        mu: 0.3
      5:
        x: -2.69
        y: 0.044
        z: 13.0
        rm: 0.859,-0.016,-0.511,-0.014,-1.0,0.008,-0.511,0.0,-0.859
        mu: 0.3
      6:
        x: -2.0290000438690186
        y: -1.7799999713897705
        z: 13.0
        rm: 0.646,-0.479,0.594,0.566,0.823,0.049,-0.513,0.304,0.803
        mu: 0.3
      7:
        x: -3.109
        y: 1.728
        z: 11.0
        rm: 0.847,-0.486,-0.217,-0.471,-0.874,0.121,-0.248,0.0,-0.969
        mu: 0.3
      8:
        x: -3.261
        y: 0.146
        z: 12.0
        rm: 0.94,0.267,0.213,-0.015,0.656,-0.755,-0.341,0.706,0.621
        mu: 0.3
      9:
        x: -2.857
        y: -2.119
        z: 11.0
        rm: 0.778,-0.596,0.199,0.577,0.803,0.148,-0.248,0.0,0.969
        mu: 0.3
      10:
        x: -3.297
        y: 1.768
        z: 10.0
        rm: 0.875,0.185,0.447,-0.457,0.618,0.64,-0.158,-0.764,0.625
        mu: 0.3
      11:
        x: -3.738
        y: 0.085
        z: 10.0
        rm: 0.987,-0.138,-0.082,-0.033,-0.674,0.738,-0.157,-0.726,-0.669
        mu: 0.3
      12:
        x: -3.073
        y: -2.14
        z: 10.0
        rm: 0.816,0.19,-0.546,0.555,-0.519,0.65,-0.16,-0.833,-0.529
        mu: 0.3
    t2:
      0:
        x: 1.5
        y: 0.157
        z: 16.0
        rm: -0.988,-0.064,0.143,-0.156,0.403,-0.902,0.0,-0.913,-0.409
        mu: 0.3
      1:
        x: -1.5
        y: -0.157
        z: 16.0
        rm: 0.988,-0.017,0.155,0.156,0.11,-0.982,-0.0,0.994,0.111
        mu: 0.3
    t17:
      0:
        x: 3.744
        y: 0.249
        z: 10.0
        rm: -0.989,-0.15,-0.009,-0.05,0.272,0.961,-0.141,0.951,-0.276
        mu: 0.3
      1:
        x: 3.823
        y: 0.094
        z: 1.0
        rm: -0.993,0.025,0.119,-0.024,-1.0,0.003,0.119,0.0,0.993
        mu: 0.3
      2:
        x: -3.744
        y: 0.249
        z: 10.0
        rm: 0.989,-0.031,0.147,-0.05,0.853,0.519,-0.141,-0.521,0.842
        mu: 0.3
      3:
        x: -3.821
        y: 0.063
        z: 1.0
        rm: 0.993,-0.016,0.119,-0.016,-1.0,-0.002,0.119,0.0,-0.993
        mu: 0.3
      4:
        x: -3.801
        y: 0.19
        z: 6.0
        rm: 0.999,-0.011,0.05,-0.051,-0.092,0.994,-0.006,-0.996,-0.093
        mu: 0.3
    t20:
      0:
        x: 3.558
        y: 0.087
        z: 11.0
        rm: -0.968,-0.025,0.248,-0.024,1.0,0.006,-0.248,0.0,-0.969
        mu: 0.3
      1:
        x: 2.577
        y: 2.454
        z: 11.0
        rm: -0.702,-0.69,0.18,-0.668,0.724,0.171,-0.248,0.0,-0.969
        mu: 0.3
      2:
        x: -2.107
        y: 1.672
        z: 13.0
        rm: 0.673,-0.622,-0.401,-0.534,-0.783,0.318,-0.511,0.0,-0.859
        mu: 0.3
      3:
        x: -2.69
        y: 0.044
        z: 13.0
        rm: 0.859,-0.016,-0.511,-0.014,-1.0,0.008,-0.511,0.0,-0.859
        mu: 0.3
      4:
        x: -2.0290000438690186
        y: -1.7799999713897705
        z: 13.0
        rm: 0.646,-0.479,0.594,0.566,0.823,0.049,-0.513,0.304,0.803
        mu: 0.3
      5:
        x: -3.297
        y: 1.768
        z: 10.0
        rm: 0.875,0.185,0.447,-0.457,0.618,0.64,-0.158,-0.764,0.625
        mu: 0.3
      6:
        x: -3.738
        y: 0.085
        z: 10.0
        rm: 0.987,-0.138,-0.082,-0.033,-0.674,0.738,-0.157,-0.726,-0.669
        mu: 0.3
      7:
        x: -3.073
        y: -2.14
        z: 10.0
        rm: 0.816,0.19,-0.546,0.555,-0.519,0.65,-0.16,-0.833,-0.529
        mu: 0.3
  forces:
    hold:
      x: 0.0
      y: 0.0
      z: -5.51133731609506
      mx: 0.0
      my: 0.0
      mz: 0.0
    hold inverted:
      x: 0.0
      y: 0.0
      z: 5.51133731609506
      mx: 0.0
      my: 0.0
      mz: 0.0
  characteristic length: 0.1111
red_plug:
  stl file name: red_plug
  center of mass:
    x: 0.0
    y: 0.0
    z: 0.6
  grasps:
    c8:
      0:
        x: 0.297
        y: 0.004
        z: 1.0
        rm: -0.996,0.09,0.006,-0.0,0.07,-0.998,-0.09,-0.993,-0.07
        mu: 0.3
      1:
        x: -0.075
        y: 0.523
        z: 1.0
        rm: 1.0,0.0,0.0,0.0,-0.581,0.814,0.0,-0.814,-0.581
        mu: 0.3
      2:
        x: -0.075
        y: -0.523
        z: 1.0
        rm: 1.0,0.0,0.0,0.0,0.581,0.814,0.0,-0.814,0.581
        mu: 0.3
    c9:
      0:
        x: 0.297
        y: 0.004
        z: 1.0
        rm: -0.996,0.09,0.006,-0.0,0.07,-0.998,-0.09,-0.993,-0.07
        mu: 0.3
      1:
        x: -0.297
        y: -0.004
        z: 1.0
        rm: 0.996,0.09,0.006,-0.0,0.07,-0.998,-0.09,0.993,0.07
        mu: 0.3
    f26:
      0:
        x: 0.297
        y: 0.004
        z: 1.0
        rm: -0.996,0.09,0.006,-0.0,0.07,-0.998,-0.09,-0.993,-0.07
        mu: 0.3
      1:
        x: -0.297
        y: -0.004
        z: 1.0
        rm: 0.996,0.09,0.006,-0.0,0.07,-0.998,-0.09,0.993,0.07
        mu: 0.3
      2:
        x: 0.0
        y: 0.94
        z: 1.0
        rm: -0.0,1.0,0.0,-0.9,0.0,-0.437,-0.437,0.0,0.9
        mu: 0.3
      3:
        x: 0.0
        y: -0.94
        z: 1.0
        rm: 0.0,-1.0,0.0,0.9,0.0,0.437,-0.437,0.0,0.9
        mu: 0.3
      4:
        x: 0.0
        y: 0.0
        z: 2.0
        rm: 0.0,-0.3,0.954,0.0,0.954,0.3,-1.0,0.0,0.0
        mu: 0.3
  forces:
    hold:
      x: 0.0
      y: 0.0
      z: -0.00735498752147918
      mx: 0.0
      my: 0.0
      mz: 0.0
    insert:
      x: 0.0
      y: 0.0
      z: -35.94382401746868
      mx: 0.0
      my: 0.0
      mz: 0.0
    remove:
      x: 0.0
      y: 0.0
      z: 22.99264501247852
      mx: 0.0
      my: 0.0
      mz: 0.0
  characteristic length: 0.0117
glass_vial:
  stl file name: glass_vial
  center of mass:
    x: 0.0
    y: 0.0
    z: 4.0
  grasps:
    c9:
      0:
        x: 1.112
        y: 0.076
        z: 3.0
        rm: -0.998,-0.003,0.068,-0.068,0.047,-0.997,0.0,-0.999,-0.047
        mu: 0.3
      1:
        x: -1.112
        y: 0.076
        z: 3.0
        rm: 0.998,-0.003,0.068,-0.068,-0.047,0.997,0.0,-0.999,-0.047
        mu: 0.3
    t10:
      0:
        x: 1.112
        y: 0.076
        z: 3.0
        rm: -0.998,-0.003,0.068,-0.068,0.047,-0.997,0.0,-0.999,-0.047
        mu: 0.3
      1:
        x: -1.115
        y: 0.025
        z: 4.0
        rm: 0.998,0.006,-0.068,-0.068,0.094,-0.993,0.0,0.996,0.094
        mu: 0.3
      2:
        x: -1.108
        y: 0.127
        z: 2.0
        rm: 0.998,0.002,-0.068,-0.068,0.024,-0.997,-0.0,1.0,0.024
        mu: 0.3
  forces:
    hold:
      x: 0.0
      y: 0.0
      z: -0.147099750429584
      mx: 0.0
      my: 0.0
      mz: 0.0
    open:
      x: -30.0
      y: 0.0
      z: -0.147099750429584
      mx: 0.0
      my: -1.5
      mz: 0.0
  characteristic length: 0.0732
yellow_plug:
  stl file name: yellow_plug
  center of mass:
    x: 0.0
    y: 0.0
    z: 0.4
  grasps:
    c8:
      0:
        x: 0.494
        y: -0.052
        z: 1.0
        rm: -0.703,-0.105,-0.703,0.074,-0.994,0.074,-0.707,0.0,0.707
        mu: 0.3
      1:
        x: -0.15
        y: 0.988
        z: 0.0
        rm: 0.707,0.0,-0.707,0.0,1.0,0.0,0.707,0.0,0.707
        mu: 0.3
      2:
        x: -0.15
        y: -0.988
        z: 0.0
        rm: 0.707,0.0,-0.707,0.0,1.0,0.0,0.707,0.0,0.707
        mu: 0.3
    c9:
      0:
        x: 0.494
        y: -0.052
        z: 1.0
        rm: -0.703,-0.105,-0.703,0.074,-0.994,0.074,-0.707,0.0,0.707
        mu: 0.3
      1:
        x: -0.494
        y: 0.052
        z: 1.0
        rm: 0.703,0.105,0.703,-0.074,0.994,-0.074,-0.707,0.0,0.707
        mu: 0.3
    f26:
      0:
        x: 0.494
        y: -0.052
        z: 1.0
        rm: -0.703,-0.105,-0.703,0.074,-0.994,0.074,-0.707,0.0,0.707
        mu: 0.3
      1:
        x: -0.15
        y: 0.988
        z: 0.0
        rm: 0.707,0.0,-0.707,0.0,1.0,0.0,0.707,0.0,0.707
        mu: 0.3
      2:
        x: -0.15
        y: -0.988
        z: 0.0
        rm: 0.707,0.0,-0.707,0.0,1.0,0.0,0.707,0.0,0.707
        mu: 0.3
      3:
        x: -0.5
        y: -0.0
        z: 1.0
        rm: 0.893,-0.449,-0.007,0.0,-0.016,1.0,-0.449,-0.893,-0.014
        mu: 0.3
  forces:
    hold:
      x: 0.0
      y: 0.0
      z: -0.0098066500286389
      mx: 0.0
      my: 0.0
      mz: 0.0
    insert:
      x: 0.0
      y: 0.0
      z: 2.3290793818017392
      mx: 0.0
      my: 0.0
      mz: 0.0
  characteristic length: 0.0157
tube_clamp:
  stl file name: tube_clamp
  center of mass:
    x: -0.75
    y: 0.0
    z: 0.85
  grasps:
    t7:
      0:
        x: -0.75
        y: 0.613
        z: 1.0
        rm: 0.0,-1.0,0.0,-0.987,0.0,0.16,-0.16,0.0,-0.987
        mu: 0.3
      1:
        x: -0.75
        y: -0.8
        z: 1.0
