Petri:
  stl file name: petri
  center of mass:
    x: 0.0
    y: 0.0
    z: 0.0075
  characteristic length: 0.05056
  grasps:
    C12:
      1D:
        x: 0.05
        y: 0.0
        z: 0.01
        rm: -0.997,0.033,-0.067,-0.075,-0.445,0.893,0.0,0.895,0.446
      2D:
        x: -0.035
        y: 0.035
        z: 0.01
        rm: 0.68,0.327,-0.656,-0.733,0.303,-0.609,-0.0,0.895,0.446
      3D:
        x: -0.05
        y: 0.015
        z: 0.01
        rm: 0.975,0.099,-0.199,-0.223,0.435,-0.873,-0.0,0.895,0.446
      5D:
        x: -0.035
        y: -0.035
        z: 0.01
        rm: 0.68,-0.327,0.656,0.733,0.303,-0.609,0.0,0.895,0.446
    C6:
      1D:
        x: 0.025
        y: -0.0
        z: 0.015
        rm: 0.0,1.0,0.0,0.0,0.0,-1.0,-1.0,0.0,0.0
      2D:
        x: 0.02066
        y: 0.01408
        z: 0.0
        rm: 0.0,0.826,-0.563,0.0,0.563,0.826,1.0,0.0,0.0
      3D:
        x: 0.02389
        y: 0.00737
        z: 0.0
        rm: 0.0,0.956,-0.295,0.0,0.295,0.956,1.0,0.0,0.0
      5D:
        x: 0.02066
        y: -0.01408
        z: 0.0
        rm: 0.0,0.826,0.563,0.0,-0.563,0.826,1.0,0.0,0.0
    C8:
      1D:
        x: 0.025
        y: -0.0
        z: 0.015
        rm: 0.0,1.0,0.0,0.0,0.0,-1.0,-1.0,0.0,0.0
      2D:
        x: 0.02389
        y: 0.00737
        z: 0.0
        rm: 0.0,0.956,-0.295,0.0,0.295,0.956,1.0,0.0,0.0
      3D:
        x: 0.02389
        y: -0.00737
        z: 0.0
        rm: 0.0,0.956,0.295,0.0,-0.295,0.956,1.0,0.0,0.0
    F28:
      1D:
        x: 0.05
        y: 0.0
        z: 0.01
        rm: -0.997,0.033,-0.067,-0.075,-0.445,0.893,0.0,0.895,0.446
      2D:
        x: -0.035
        y: 0.035
        z: 0.01
        rm: 0.68,0.327,-0.656,-0.733,0.303,-0.609,-0.0,0.895,0.446
      3D:
        x: -0.05
        y: 0.0
        z: 0.01
        rm: 0.997,-0.033,0.067,0.075,0.445,-0.893,-0.0,0.895,0.446
      4D:
        x: -0.035
        y: -0.035
        z: 0.01
        rm: 0.68,-0.327,0.656,0.733,0.303,-0.609,0.0,0.895,0.446
    T18:
      1D:
        x: 0.0
        y: 0.03
        z: 0.015
        rm: 0.0,0.0,-1.0,0.0,-1.0,0.0,-1.0,0.0,0.0
      2D:
        x: -0.015
        y: 0.015
        z: 0.0
        rm: 0.0,-0.733,-0.68,0.0,0.68,-0.733,1.0,0.0,0.0
      3D:
        x: 0.015
        y: 0.015
        z: 0.0
        rm: 0.0,0.733,-0.68,0.0,0.68,0.733,1.0,0.0,0.0
    T2:
      1D:
        x: 0.025
        y: -0.0
        z: 0.015
        rm: 0.0,1.0,0.0,0.0,0.0,-1.0,-1.0,0.0,0.0
      2D:
        x: 0.02066
        y: 0.01408
        z: 0.0
        rm: 0.0,0.826,-0.563,0.0,0.563,0.826,1.0,0.0,0.0
      3D:
        x: 0.02389
        y: 0.00737
        z: 0.0
        rm: 0.0,0.956,-0.295,0.0,0.295,0.956,1.0,0.0,0.0
      5D:
        x: 0.02066
        y: -0.01408
        z: 0.0
        rm: 0.0,0.826,0.563,0.0,-0.563,0.826,1.0,0.0,0.0
    T3:
      1D:
        x: 0.03
        y: 0.03
        z: 0.015
        rm: -0.481,-0.733,0.481,-0.518,0.68,0.518,-0.707,0.0,-0.707
      2D:
        x: -0.03
        y: 0.01
        z: 0.015
        rm: 0.0,0.931,-0.365,0.0,-0.365,-0.931,-1.0,0.0,0.0
      3D:
        x: -0.03
        y: 0.01
        z: 0.0
        rm: 0.0,-0.988,-0.152,0.0,0.152,-0.988,1.0,0.0,0.0
      5I:
        x: 0.03
        y: 0.03
        z: 0.0
        rm: -0.481,0.733,0.481,-0.518,-0.68,0.518,0.707,0.0,0.707
    T4:
      1D:
        x: 0.025
        y: -0.0
        z: 0.0
        rm: 0.0,1.0,-0.0,0.0,0.0,1.0,1.0,0.0,0.0
      2I:
        x: 0.01833
        y: 0.017
        z: 0.015
        rm: 0.0,0.733,0.68,0.0,0.68,-0.733,-1.0,0.0,0.0
      2D:
        x: 0.01833
        y: -0.017
        z: 0.015
        rm: 0.0,0.733,-0.68,0.0,-0.68,-0.733,-1.0,0.0,0.0
    T7:
      1D:
        x: 0.015
        y: 0.03
        z: 0.0
        rm: 0.0,-0.434,0.901,0.0,-0.901,-0.434,1.0,0.0,0.0
      2D:
        x: 0.03
        y: 0.015
        z: 0.015
        rm: 0.0,-0.866,-0.5,0.0,-0.5,0.866,-1.0,0.0,0.0
      3D:
        x: 0.015
        y: 0.03
        z: 0.015
        rm: 0.0,-0.434,-0.901,0.0,-0.901,0.434,-1.0,0.0,0.0
      5D:
        x: -0.03
        y: 0.03
        z: 0.015
        rm: 0.481,-0.733,-0.481,-0.518,-0.68,0.518,-0.707,0.0,-0.707
    T8:
      1D:
        x: -0.015
        y: 0.03
        z: 0.015
        rm: 0.0,0.434,-0.901,0.0,-0.901,-0.434,-1.0,0.0,0.0
      2P:
        x: -0.03
        y: 0.04
        z: 0.0
        rm: 0.61,-0.69,0.389,-0.727,-0.683,-0.074,0.317,-0.238,-0.918
      2D:
        x: -0.03
        y: 0.015
        z: 0.0
        rm: 0.0,0.866,0.5,0.0,-0.5,0.866,1.0,0.0,0.0
      3D:
        x: -0.015
        y: 0.03
        z: 0.0
        rm: 0.0,0.434,0.901,0.0,-0.901,0.434,1.0,0.0,0.0
      5D:
        x: 0.04
        y: 0.04
        z: 0.003
        rm: -0.679,-0.733,-0.044,-0.662,0.637,-0.394,0.317,-0.238,-0.918
  perturbations:
    hold_X: '[0.1471, 0.0, 0.0, 0.0, 0.0, 0.0]'
    hold_-X: '[-0.1471, 0.0, 0.0, 0.0, 0.0, 0.0]'
    hold_Y: '[0.0, 0.1471, 0.0, 0.0, 0.0, 0.0]'
    hold_-Y: '[0.0, -0.1471, 0.0, 0.0, 0.0, 0.0]'
    hold_Z: '[0.0, 0.0, 0.1471, 0.0, 0.0, 0.0]'
    hold_-Z: '[0.0, 0.0, -0.1471, 0.0, 0.0, 0.0]'
    write: '[0.0, 0.0, -2.61249, -0.07396, 0.07396, 0.0]'
Marker:
  stl file name: marker
  center of mass:
    x: 0.0
    y: 0.0
    z: 0.02
  characteristic length: 0.06709
  grasps:
    C8:
      1D:
        x: 0.006
        y: 0.00023
        z: 0.035
        rm: -0.999,0.0,0.038,-0.038,0.0,-0.999,-0.0,-1.0,0.0
      2D:
        x: -0.00577
        y: -0.00054
        z: 0.055
        rm: 0.997,-0.004,0.076,0.077,0.047,-0.996,-0.0,0.999,0.047
      3D:
        x: -0.00593
        y: 0.00092
        z: 0.015
        rm: 0.988,0.007,0.152,-0.153,0.047,0.987,-0.0,-0.999,0.047
    F26:
      1D:
        x: 0.00593
        y: 0.00092
        z: 0.0101
        rm: -0.988,-0.153,0.0,-0.153,0.988,0.0,0.0,0.0,-1.0
      2D:
        x: -0.00463
        y: -0.00381
        z: 0.0101
        rm: 0.771,0.636,0.0,0.636,-0.771,0.0,0.0,0.0,-1.0
      3D:
        x: -0.00432
        y: 0.00416
        z: 0.0101
        rm: 0.721,-0.693,0.0,-0.693,-0.721,0.0,0.0,0.0,-1.0
    F28:
      1D:
        x: 0.006
        y: 0.00023
        z: 0.035
        rm: -0.999,0.0,0.038,-0.038,0.0,-0.999,-0.0,-1.0,0.0
      2D:
        x: -0.00577
        y: -0.00054
        z: 0.055
        rm: 0.997,-0.004,0.076,0.077,0.047,-0.996,-0.0,0.999,0.047
      3D:
        x: -0.006
        y: 0.00023
        z: 0.035
        rm: 0.999,0.0,0.038,-0.038,0.0,0.999,0.0,-1.0,0.0
      4D:
        x: -0.00593
        y: 0.00092
        z: 0.015
        rm: 0.988,0.007,0.152,-0.153,0.047,0.987,-0.0,-0.999,0.047
    T10:
      2P:
        x: 0.00593
        y: 0.00092
        z: 0.0392
        rm: -0.988,0.153,0.0,-0.153,-0.988,0.0,0.0,0.0,1.0
      2D:
        x: -0.006
        y: 0.00023
        z: 0.0392
        rm: 0.998,-0.057,0.001,-0.057,-0.998,0.024,-0.0,-0.024,-1.0
      3P:
        x: 0.00584
        y: -0.00137
        z: 0.0101
        rm: -0.974,0.228,0.0,0.228,0.974,0.0,0.0,0.0,-1.0
      3D:
        x: -0.006
        y: 0.00023
        z: 0.0101
        rm: 0.998,0.057,-0.001,-0.057,0.998,-0.024,0.0,0.024,1.0
    T13:
      01P:
        x: -0.00593
        y: 0.00092
        z: 0.06
        rm: 0.988,0.153,0.0,-0.153,0.988,-0.0,-0.0,0.0,1.0
      2P:
        x: 0.00593
        y: 0.00092
        z: 0.0392
        rm: -0.988,0.153,0.0,-0.153,-0.988,0.0,0.0,0.0,1.0
      2D:
        x: -0.006
        y: 0.00023
        z: 0.0392
        rm: 0.998,-0.057,0.001,-0.057,-0.998,0.024,-0.0,-0.024,-1.0
      3P:
        x: 0.00584
        y: -0.00137
        z: 0.0101
        rm: -0.974,0.228,0.0,0.228,0.974,0.0,0.0,0.0,-1.0
      3D:
        x: -0.006
        y: 0.00023
        z: 0.0101
        rm: 0.998,0.057,-0.001,-0.057,0.998,-0.024,0.0,0.024,1.0
    T16:
      02P:
        x: 0.005
        y: 0.0
        z: 0.0392
        rm: -1.0,0.0,0.0,0.0,-1.0,0.0,0.0,0.0,1.0
      2P:
        x: 0.0
        y: 0.005
        z: 0.0392
        rm: -0.0,-1.0,0.024,-1.0,0.0,-0.0,0.0,-0.024,-1.0
      2D:
        x: 0.0
        y: -0.005
        z: 0.0392
        rm: 0.0,0.999,0.047,1.0,-0.0,0.0,0.0,0.047,-0.999
      03P:
        x: 0.005
        y: 0.0
        z: 0.01
        rm: -1.0,0.0,0.0,0.0,1.0,0.0,0.0,0.0,-1.0
      3P:
        x: 0.0
        y: 0.005
        z: 0.01
        rm: 0.0,1.0,-0.024,-1.0,0.0,-0.0,-0.0,0.024,1.0
      3D:
        x: 0.0
        y: -0.005
        z: 0.01
        rm: -0.0,-1.0,0.024,1.0,-0.0,0.0,-0.0,0.024,1.0
    T18:
      1D:
        x: 0.00593
        y: 0.00092
        z: 0.0101
        rm: -0.988,-0.153,0.0,-0.153,0.988,0.0,0.0,0.0,-1.0
      2D:
        x: -0.00463
        y: -0.00381
        z: 0.03
        rm: 0.771,-0.636,0.0,0.636,0.771,0.0,0.0,0.0,1.0
      3D:
        x: -0.00432
        y: 0.00416
        z: 0.03
        rm: 0.721,0.693,-0.0,-0.693,0.721,0.0,0.0,0.0,1.0
    T9:
      01P:
        x: -0.006
        y: 0.00023
        z: 0.0392
        rm: 0.998,-0.057,0.001,-0.057,-0.998,0.024,-0.0,-0.024,-1.0
      1P:
        x: 0.0
        y: 0.006
        z: 0.0295
        rm: -0.0,-1.0,0.024,-1.0,0.0,-0.0,0.0,-0.024,-1.0
      1D:
        x: 0.00598
        y: -0.00046
        z: 0.0295
        rm: -0.997,-0.077,-0.0,0.077,-0.997,0.0,-0.0,0.0,1.0
      2D:
        x: 0.00598
        y: -0.00046
        z: 0.0
        rm: -0.918,0.058,-0.393,0.081,0.996,-0.042,0.388,-0.07,-0.919
      3D:
        x: 0.0
        y: -0.006
        z: 0.0198
        rm: 0.008,0.999,0.047,1.0,-0.008,-0.0,-0.0,0.047,-0.999
  perturbations:
    hold_X: '[0.09807, 0.0, 0.0, 0.0, 0.0, 0.0]'
    hold_-X: '[-0.09807, 0.0, 0.0, 0.0, 0.0, 0.0]'
    hold_Y: '[0.0, 0.09807, 0.0, 0.0, 0.0, 0.0]'
    hold_-Y: '[0.0, -0.09807, 0.0, 0.0, 0.0, 0.0]'
    hold_Z: '[0.0, 0.0, 0.09807, 0.0, 0.0, 0.0]'
    hold_-Z: '[0.0, 0.0, -0.09807, 0.0, 0.0, 0.0]'
    uncap: '[0.0, 0.09807, -23.0, 0.0, 0.0, 0.0]'
    recap: '[0.0, 0.09807, 34.43605, 0.0, 0.0, 0.0]'
    write: '[0.0, 0.0, 2.3673200000000003, 0.0, 0.0, 0.0]'
Marker_Cap:
  stl file name: marker_cap
  center of mass:
    x: 0.0
    y: 0.0
    z: -0.01
  characteristic length: 0.04215
  grasps:
    C16:
      1D:
        x: 0.0
        y: 0.006
        z: -0.02
        rm: -0.03,-0.024,-0.999,-1.0,0.001,0.03,0.0,1.0,-0.024
      2P:
        x: 0.006
        y: 0.0
        z: -0.02
        rm: -1.0,0.001,0.03,0.03,0.024,0.999,0.0,1.0,-0.024
      2I:
        x: 0.0
        y: -0.006
        z: -0.02
        rm: 0.03,0.024,0.999,1.0,-0.001,-0.03,0.0,1.0,-0.024
      2D:
        x: -0.006
        y: 0.0
        z: -0.02
        rm: 1.0,-0.001,-0.03,-0.03,-0.024,-0.999,0.0,1.0,-0.024
    T17:
      1P:
        x: 0.0
        y: 0.006
        z: -0.02
        rm: -0.03,-0.024,-0.999,-1.0,0.001,0.03,0.0,1.0,-0.024
      1D:
        x: 0.006
        y: 0.0
        z: -0.02
        rm: -1.0,0.001,0.03,0.03,0.024,0.999,0.0,1.0,-0.024
      2I:
        x: 0.0
        y: -0.006
        z: -0.02
        rm: 0.03,0.024,0.999,1.0,-0.001,-0.03,0.0,1.0,-0.024
      2D:
        x: -0.006
        y: 0.0
        z: -0.02
        rm: 1.0,-0.001,-0.03,-0.03,-0.024,-0.999,0.0,1.0,-0.024
    T54:
      1D:
        x: 0.00597
        y: 0.0006
        z: -0.01
        rm: -0.996,0.004,-0.09,-0.09,-0.049,0.995,0.0,0.999,0.049
      02P:
        x: -0.00457
        y: -0.00389
        z: -0.01
        rm: 0.768,-0.031,0.639,0.64,0.038,-0.767,-0.0,0.999,0.049
      2P:
        x: -0.00525
        y: 0.00289
        z: -0.01
        rm: 0.871,0.024,-0.491,-0.491,0.043,-0.87,-0.0,0.999,0.049
      03P:
        x: -0.00457
        y: -0.00389
        z: -0.03
        rm: 0.768,-0.64,-0.025,0.64,0.768,-0.021,0.032,0.0,0.999
      3P:
        x: -0.00525
        y: 0.00289
        z: -0.03
        rm: 0.871,0.491,-0.028,-0.491,0.871,0.016,0.032,0.0,0.999
  perturbations:
    hold_X: '[0.02206, 0.0, 0.0, 0.0, 0.0, 0.0]'
    hold_-X: '[-0.02206, 0.0, 0.0, 0.0, 0.0, 0.0]'
    hold_Y: '[0.0, 0.02206, 0.0, 0.0, 0.0, 0.0]'
    hold_-Y: '[0.0, -0.02206, 0.0, 0.0, 0.0, 0.0]'
    hold_Z: '[0.0, 0.0, 0.02206, 0.0, 0.0, 0.0]'
    hold_-Z: '[0.0, 0.0, -0.02206, 0.0, 0.0, 0.0]'
    uncap: '[0.0, 0.02206, 23.0, 0.0, 0.0, 0.0]'
    recap: '[0.0, 0.02206, -34.43605, 0.0, 0.0, 0.0]'
Kit:
  stl file name: kit
  center of mass:
    x: 0.0
    y: 0.0
    z: -0.02
  characteristic length: 0.14816
  grasps:
    C11:
      01P:
        x: 0.027
        y: -0.04
        z: -0.06
        rm: 0.0,-0.994,0.112,0.0,-0.112,-0.994,1.0,0.0,0.0
      1P:
        x: 0.05642
        y: -0.05058
        z: -0.045
        rm: -0.998,-0.016,0.068,-0.0,-0.973,-0.231,0.07,-0.23,0.971
      1D:
        x: 0.05745
        y: -0.05058
        z: -0.03033
        rm: -0.998,0.025,0.065,-0.0,-0.932,0.361,0.07,0.36,0.93
      02P:
        x: 0.0
        y: -0.08096
        z: -0.06
        rm: 0.0,0.996,-0.09,0.0,0.09,0.996,1.0,0.0,0.0
      2P:
        x: -0.01846
        y: -0.08096
        z: -0.06
        rm: 0.0,-0.996,-0.09,0.0,0.09,-0.996,1.0,0.0,0.0
      2D:
        x: -0.05796
        y: -0.07456
        z: -0.03
        rm: 0.998,-0.027,0.064,-0.0,-0.92,-0.391,0.07,0.39,-0.918
      03P:
        x: 0.0
        y: -0.03096
        z: -0.06
        rm: 0.0,0.975,-0.22,0.0,0.22,0.975,1.0,0.0,0.0
      3P:
        x: -0.01846
        y: -0.03096
        z: -0.06
        rm: 0.0,-0.975,-0.22,0.0,0.22,-0.975,1.0,0.0,0.0
      3D:
        x: -0.05745
        y: -0.05058
        z: -0.03033
        rm: 0.998,0.032,-0.062,0.0,0.885,0.465,0.07,-0.464,0.883
      05P:
        x: 0.0
        y: 0.04571
        z: -0.058
        rm: 0.0,-0.996,-0.09,0.0,0.09,-0.996,1.0,0.0,0.0
      5P:
        x: -0.0185
        y: 0.04571
        z: -0.058
        rm: 0.0,-0.996,0.09,0.0,-0.09,-0.996,1.0,0.0,0.0
      5I:
        x: -0.05597
        y: 0.04487
        z: -0.0515
        rm: 0.998,0.009,-0.069,-0.0,0.991,0.136,0.07,-0.136,0.988
    C6:
      1D:
        x: 0.05847
        y: -0.00838
        z: -0.01567
        rm: -0.998,0.009,0.069,0.0,-0.992,0.124,0.07,0.123,0.99
      2D:
        x: -0.05745
        y: -0.08
        z: -0.03033
        rm: 0.998,0.043,0.055,-0.0,-0.789,0.615,0.07,-0.613,-0.787
      3D:
        x: -0.05745
        y: -0.05
        z: -0.03033
        rm: 0.998,0.032,-0.062,0.0,0.885,0.465,0.07,-0.464,0.883
      5D:
        x: -0.05745
        y: 0.05058
        z: -0.03033
        rm: 0.998,-0.027,-0.064,-0.0,0.924,-0.382,0.07,0.381,0.922
    C7:
      1D:
        x: 0.05847
        y: -0.00838
        z: -0.01567
        rm: -0.998,0.009,0.069,0.0,-0.992,0.124,0.07,0.123,0.99
      2D:
        x: -0.05745
        y: -0.05058
        z: -0.03033
        rm: 0.998,0.032,-0.062,0.0,0.885,0.465,0.07,-0.464,0.883
      3D:
        x: -0.05847
        y: -0.00838
        z: -0.01567
        rm: 0.998,0.068,-0.013,0.0,0.192,0.981,0.07,-0.979,0.191
      4D:
        x: -0.05745
        y: 0.05058
        z: -0.03033
        rm: 0.998,-0.027,-0.064,-0.0,0.924,-0.382,0.07,0.381,0.922
    C8:
      1D:
        x: 0.05847
        y: -0.00838
        z: -0.01567
        rm: -0.998,0.009,0.069,0.0,-0.992,0.124,0.07,0.123,0.99
      2D:
        x: -0.05745
        y: -0.05058
        z: -0.03033
        rm: 0.998,0.032,-0.062,0.0,0.885,0.465,0.07,-0.464,0.883
      3D:
        x: -0.05745
        y: 0.05058
        z: -0.03033
        rm: 0.998,-0.027,-0.064,-0.0,0.924,-0.382,0.07,0.381,0.922
    F28:
      1D:
        x: 0.05847
        y: -0.06
        z: -0.01567
        rm: -0.998,-0.023,-0.066,-0.0,0.942,-0.335,0.07,-0.335,-0.94
      2D:
        x: 0.0
        y: -0.13
        z: -0.03033
        rm: -0.0,-0.905,-0.425,0.998,0.03,-0.063,0.07,-0.424,0.903
      3D:
        x: -0.05847
        y: -0.09
        z: -0.01567
        rm: 0.998,-0.027,0.064,-0.0,-0.92,-0.391,0.07,0.39,-0.918
      4D:
        x: -0.05847
        y: -0.06
        z: -0.01567
        rm: 0.998,-0.023,0.066,0.0,-0.942,-0.335,0.07,0.335,-0.94
    T22:
      1P:
        x: 0.05796
        y: -0.13
        z: -0.023
        rm: -0.704,0.07,0.707,0.704,-0.07,0.707,0.098,0.995,-0.0
      1D:
        x: 0.05796
        y: -0.09
        z: -0.023
        rm: -0.998,-0.043,0.055,-0.0,-0.789,-0.615,0.07,-0.613,0.787
      2D:
        x: -0.01846
        y: -0.09
        z: 0.0
        rm: 0.0,0.999,-0.032,0.0,0.032,0.999,1.0,0.0,0.0
      3D:
        x: -0.05745
        y: -0.09
        z: -0.03033
        rm: 0.998,0.043,0.055,-0.0,-0.789,0.615,0.07,-0.613,-0.787
      5D:
        x: 0.01846
        y: -0.09
        z: -0.06
        rm: 0.0,0.984,0.177,0.0,-0.177,0.984,1.0,0.0,0.0
    T35:
      1D:
        x: 0.05745
        y: -0.05058
        z: -0.03033
        rm: -0.998,0.025,0.065,-0.0,-0.932,0.361,0.07,0.36,0.93
      2P:
        x: -0.01846
        y: -0.08096
        z: -0.06
        rm: 0.0,-0.996,-0.09,0.0,0.09,-0.996,1.0,0.0,0.0
      2D:
        x: -0.05796
        y: -0.07456
        z: -0.023
        rm: 0.998,-0.027,0.064,-0.0,-0.92,-0.391,0.07,0.39,-0.918
      3P:
        x: -0.01846
        y: -0.03096
        z: -0.06
        rm: 0.0,-0.975,-0.22,0.0,0.22,-0.975,1.0,0.0,0.0
      3D:
        x: -0.05745
        y: -0.05058
        z: -0.03033
        rm: 0.998,0.032,-0.062,0.0,0.885,0.465,0.07,-0.464,0.883
      5P:
        x: -0.0185
        y: 0.04571
        z: -0.058
        rm: 0.0,-0.996,0.09,0.0,-0.09,-0.996,1.0,0.0,0.0
      5I:
        x: -0.05597
        y: 0.04487
        z: -0.0515
        rm: 0.998,0.009,-0.069,-0.0,0.991,0.136,0.07,-0.136,0.988
  perturbations:
    hold_X: '[1.67694, 0.0, 0.0, 0.0, 0.0, 0.0]'
    hold_-X: '[-1.67694, 0.0, 0.0, 0.0, 0.0, 0.0]'
    hold_Y: '[0.0, 1.67694, 0.0, 0.0, 0.0, 0.0]'
    hold_-Y: '[0.0, -1.67694, 0.0, 0.0, 0.0, 0.0]'
    hold_Z: '[0.0, 0.0, 1.67694, 0.0, 0.0, 0.0]'
    hold_-Z: '[0.0, 0.0, -1.67694, 0.0, 0.0, 0.0]'
    open: '[0.0, 0.0, 18.323059999999998, 2.6, -1.2, 0.0]'
Kit_Tab:
  stl file name: kit_tab
  center of mass:
    x: 0.0
    y: 0.0
    z: 0.009000000000000001
  characteristic length: 0.01797
  grasps:
    T21:
      1D:
        x: -0.0005
        y: 0.0
        z: 0.015
        rm: 1.0,0.0,0.0,0.0,-0.261,0.965,0.0,-0.965,-0.261
      2I:
        x: 0.0005
        y: 0.00896
        z: 0.01031
        rm: -1.0,0.0,0.0,0.0,-0.406,0.914,0.0,0.914,0.406
      2D:
        x: 0.0005
        y: -0.00896
        z: 0.01031
        rm: -1.0,0.0,0.0,0.0,-0.85,-0.528,0.0,-0.528,0.85
  perturbations:
    hold_X: '[0.00392, 0.0, 0.0, 0.0, 0.0, 0.0]'
    hold_-X: '[-0.00392, 0.0, 0.0, 0.0, 0.0, 0.0]'
    hold_Y: '[0.0, 0.00392, 0.0, 0.0, 0.0, 0.0]'
    hold_-Y: '[0.0, -0.00392, 0.0, 0.0, 0.0, 0.0]'
    hold_Z: '[0.0, 0.0, 0.00392, 0.0, 0.0, 0.0]'
    hold_-Z: '[0.0, 0.0, -0.00392, 0.0, 0.0, 0.0]'
    open: '[0.0, 0.0, -20.00392, 0.0, 0.0, 0.0]'
Canister:
  stl file name: canister
  center of mass:
    x: 0.0
    y: 0.0
    z: 0.05
  characteristic length: 0.03
  grasps:
    C1:
      01P:
        x: 0.018
        y: 0.018
        z: 0.08
        rm: -0.669,0.033,0.743,-0.743,0.015,-0.669,-0.033,-0.999,0.014
      1P:
        x: 0.022
        y: 0.0
        z: 0.08
        rm: -0.999,0.034,-0.0,0.0,0.0,-1.0,-0.034,-0.999,-0.0
      1D:
        x: 0.019
        y: -0.016
        z: 0.08
        rm: -0.809,0.033,-0.587,0.587,-0.011,-0.809,-0.033,-0.999,-0.011
      02P:
        x: -0.018
        y: 0.018
        z: 0.08
        rm: 0.669,-0.033,0.743,-0.743,0.015,0.669,-0.033,-0.999,-0.014
      2P:
        x: -0.022
        y: 0.0
        z: 0.08
        rm: 0.999,-0.034,0.0,-0.0,-0.0,1.0,-0.034,-0.999,-0.0
      2D:
        x: -0.008
        y: -0.021
        z: 0.08
        rm: 0.309,-0.03,-0.951,0.951,-0.025,0.31,-0.033,-0.999,0.021
      03P:
        x: -0.018
        y: 0.018
        z: 0.06
        rm: 0.723,0.014,-0.691,-0.69,-0.032,-0.723,-0.032,0.999,-0.013
      3P:
        x: -0.022
        y: 0.0
        z: 0.06
        rm: 0.998,0.034,-0.048,-0.049,0.025,-0.998,-0.032,0.999,0.026
      3D:
        x: -0.008
        y: -0.021
        z: 0.06
        rm: 0.392,0.007,0.92,0.92,0.032,-0.392,-0.032,0.999,0.007
      05P:
        x: -0.018
        y: 0.018
        z: 0.02
        rm: 0.665,0.736,-0.13,-0.689,0.671,0.275,0.29,-0.093,0.953
      5P:
        x: -0.022
        y: 0.0
        z: 0.02
        rm: 0.707,0.0,-0.707,0.0,1.0,0.0,0.707,0.0,0.707
      5D:
        x: -0.008
        y: -0.021
        z: 0.02
        rm: 0.0,1.0,-0.017,0.0,0.017,1.0,1.0,0.0,0.0
    C6:
      1D:
        x: 0.022
        y: 0.0
        z: 0.06
        rm: -0.998,-0.034,-0.048,-0.049,0.025,0.998,-0.032,0.999,-0.026
      2D:
        x: -0.022
        y: 0.0
        z: 0.08
        rm: 0.999,-0.034,0.0,-0.0,-0.0,1.0,-0.034,-0.999,-0.0
      3D:
        x: -0.022
        y: 0.0
        z: 0.06
        rm: 0.998,0.034,-0.048,-0.049,0.025,-0.998,-0.032,0.999,0.026
      5D:
        x: -0.022
        y: 0.0
        z: 0.02
        rm: 0.707,0.0,-0.707,0.0,1.0,0.0,0.707,0.0,0.707
    C8:
      1D:
        x: 0.022
        y: 0.0
        z: 0.06
        rm: -0.998,-0.034,-0.048,-0.049,0.025,0.998,-0.032,0.999,-0.026
      2D:
        x: -0.022
        y: 0.0
        z: 0.08
        rm: 0.999,-0.034,0.0,-0.0,-0.0,1.0,-0.034,-0.999,-0.0
      3D:
        x: -0.022
        y: 0.0
        z: 0.04
        rm: 0.995,-0.039,0.095,-0.098,-0.077,0.992,-0.031,-0.996,-0.08
    T18:
      1D:
        x: 0.022
        y: 0.0
        z: 0.06
        rm: -0.998,-0.034,-0.048,-0.049,0.025,0.998,-0.032,0.999,-0.026
      2D:
        x: -0.019
        y: -0.016
        z: 0.08
        rm: 0.809,-0.033,-0.587,0.587,-0.011,0.809,-0.033,-0.999,0.011
      3D:
        x: -0.019
        y: -0.016
        z: 0.04
        rm: 0.773,0.019,-0.635,0.634,-0.072,0.77,-0.031,-0.997,-0.068
    T2:
      1D:
        x: 0.022
        y: 0.0
        z: 0.08
        rm: -0.999,0.034,-0.0,0.0,0.0,-1.0,-0.034,-0.999,-0.0
      2D:
        x: -0.019
        y: -0.016
        z: 0.08
        rm: 0.809,-0.033,-0.587,0.587,-0.011,0.809,-0.033,-0.999,0.011
      3D:
        x: -0.019
        y: -0.016
        z: 0.06
        rm: 0.791,0.048,0.61,0.611,-0.009,-0.792,-0.032,0.999,-0.036
      5D:
        x: -0.019
        y: -0.016
        z: 0.02
        rm: 0.555,-0.634,-0.538,0.456,0.773,-0.442,0.696,0.0,0.718
    T26:
      1P:
        x: 0.022
        y: 0.0
        z: 0.08
        rm: -0.999,0.034,-0.0,0.0,0.0,-1.0,-0.034,-0.999,-0.0
      02P:
        x: -0.018
        y: 0.018
        z: 0.08
        rm: 0.669,-0.033,0.743,-0.743,0.015,0.669,-0.033,-0.999,-0.014
      2P:
        x: -0.022
        y: 0.0
        z: 0.08
        rm: 0.999,-0.034,0.0,-0.0,-0.0,1.0,-0.034,-0.999,-0.0
      2I:
        x: -0.019
        y: -0.016
        z: 0.08
        rm: 0.809,-0.033,-0.587,0.587,-0.011,0.809,-0.033,-0.999,0.011
      03P:
        x: -0.018
        y: 0.018
        z: 0.06
        rm: 0.723,0.014,-0.691,-0.69,-0.032,-0.723,-0.032,0.999,-0.013
      3P:
        x: -0.022
        y: 0.0
        z: 0.06
        rm: 0.998,0.034,-0.048,-0.049,0.025,-0.998,-0.032,0.999,0.026
      3I:
        x: -0.019
        y: -0.016
        z: 0.06
        rm: 0.791,0.048,0.61,0.611,-0.009,-0.792,-0.032,0.999,-0.036
      05P:
        x: -0.018
        y: 0.018
        z: 0.02
        rm: 0.665,0.736,-0.13,-0.689,0.671,0.275,0.29,-0.093,0.953
      5P:
        x: -0.022
        y: 0.0
        z: 0.02
        rm: 0.707,0.0,-0.707,0.0,1.0,0.0,0.707,0.0,0.707
      5I:
        x: -0.019
        y: -0.016
        z: 0.02
        rm: 0.555,-0.634,-0.538,0.456,0.773,-0.442,0.696,0.0,0.718
    T57:
      1D:
        x: 0.022
        y: 0.0
        z: 0.08
        rm: -0.999,0.034,-0.0,0.0,0.0,-1.0,-0.034,-0.999,-0.0
      2D:
        x: -0.019
        y: -0.016
        z: 0.08
        rm: 0.809,-0.033,-0.587,0.587,-0.011,0.809,-0.033,-0.999,0.011
      3D:
        x: -0.019
        y: -0.016
        z: 0.06
        rm: 0.791,0.048,0.61,0.611,-0.009,-0.792,-0.032,0.999,-0.036
      5D:
        x: -0.022
        y: 0.0
        z: 0.02
        rm: 0.707,0.0,-0.707,0.0,1.0,0.0,0.707,0.0,0.707
  perturbations:
    hold_X: '[0.36775, 0.0, 0.0, 0.0, 0.0, 0.0]'
    hold_-X: '[-0.36775, 0.0, 0.0, 0.0, 0.0, 0.0]'
    hold_Y: '[0.0, 0.36775, 0.0, 0.0, 0.0, 0.0]'
    hold_-Y: '[0.0, -0.36775, 0.0, 0.0, 0.0, 0.0]'
    hold_Z: '[0.0, 0.0, 0.36775, 0.0, 0.0, 0.0]'
    hold_-Z: '[0.0, 0.0, -0.36775, 0.0, 0.0, 0.0]'
    insert: '[0.0, 0.0, 86.79866, 0.0, 0.0, 0.0]'
    remove: '[0.0, 0.0, -110.36775, 0.0, 0.0, 0.0]'
Tube:
  stl file name: tube
  center of mass:
    x: 0.0
    y: 0.0
    z: 0.025
  characteristic length: 0.02512
  grasps:
    C2:
      02P:
        x: 0.002
        y: 0.0
        z: 0.04
        rm: -0.981,0.006,0.195,0.195,0.029,0.98,0.0,1.0,-0.029
      2P:
        x: 0.0
        y: 0.002
        z: 0.04
        rm: -0.195,-0.029,-0.98,-0.981,0.006,0.195,0.0,1.0,-0.029
      2D:
        x: 0.0
        y: -0.002
        z: 0.04
        rm: 0.195,0.029,0.98,0.981,-0.006,-0.195,0.0,1.0,-0.029
      03P:
        x: 0.002
        y: 0.0
        z: 0.03
        rm: -0.981,0.011,-0.195,-0.195,-0.057,0.979,-0.0,0.998,0.058
      3P:
        x: 0.0
        y: 0.002
        z: 0.03
        rm: 0.195,0.057,-0.979,-0.981,0.011,-0.195,-0.0,0.998,0.058
      3D:
        x: 0.0
        y: -0.002
        z: 0.03
        rm: -0.195,-0.057,0.979,0.981,-0.011,0.195,-0.0,0.998,0.058
      04P:
        x: 0.002
        y: 0.0
        z: 0.02
        rm: -0.981,0.006,0.195,0.195,0.029,0.98,0.0,1.0,-0.029
      4P:
        x: 0.0
        y: 0.002
        z: 0.02
        rm: -0.195,-0.029,-0.98,-0.981,0.006,0.195,0.0,1.0,-0.029
      4D:
        x: 0.0
        y: -0.002
        z: 0.02
        rm: 0.195,0.029,0.98,0.981,-0.006,-0.195,0.0,1.0,-0.029
      05P:
        x: 0.002
        y: 0.0
        z: 0.01
        rm: -0.981,0.006,0.195,-0.195,-0.029,-0.98,0.0,-1.0,0.029
      5P:
        x: 0.0
        y: 0.002
        z: 0.01
        rm: 0.195,0.029,0.98,-0.981,0.006,0.195,0.0,-1.0,0.029
      5D:
        x: 0.0
        y: -0.002
        z: 0.01
        rm: -0.195,-0.029,-0.98,0.981,-0.006,-0.195,0.0,-1.0,0.029
    C6:
      1D:
        x: 0.0022
        y: 0.0
        z: 0.03
        rm: -0.981,0.011,-0.195,-0.195,-0.057,0.979,-0.0,0.998,0.058
      2D:
        x: -0.0022
        y: 0.0
        z: 0.04
        rm: 0.981,-0.006,-0.195,-0.195,-0.029,-0.98,0.0,1.0,-0.029
      3D:
        x: -0.0022
        y: 0.0
        z: 0.03
        rm: 0.981,-0.011,0.195,0.195,0.057,-0.979,-0.0,0.998,0.058
      5D:
        x: -0.0022
        y: 0.0
        z: 0.01
        rm: 0.981,-0.006,-0.195,0.195,0.029,0.98,0.0,-1.0,0.029
    C7:
      1D:
        x: 0.0022
        y: 0.0
        z: 0.025
        rm: -1.0,0.0,0.0,-0.0,0.0,-1.0,-0.0,-1.0,0.0
      2D:
        x: -0.0022
        y: 0.0
        z: 0.04
        rm: 0.981,-0.006,-0.195,-0.195,-0.029,-0.98,0.0,1.0,-0.029
      3D:
        x: -0.0022
        y: 0.0
        z: 0.025
        rm: 1.0,0.0,0.0,0.0,0.0,-1.0,-0.0,1.0,0.0
      4D:
        x: -0.0022
        y: 0.0
        z: 0.01
        rm: 0.981,-0.006,-0.195,0.195,0.029,0.98,0.0,-1.0,0.029
    C8:
      1D:
        x: 0.0022
        y: 0.0
        z: 0.025
        rm: -1.0,0.0,0.0,-0.0,0.0,-1.0,-0.0,-1.0,0.0
      2D:
        x: -0.0022
        y: 0.0
        z: 0.04
        rm: 0.981,-0.006,-0.195,-0.195,-0.029,-0.98,0.0,1.0,-0.029
      3D:
        x: -0.0022
        y: 0.0
        z: 0.01
        rm: 0.981,-0.006,-0.195,0.195,0.029,0.98,0.0,-1.0,0.029
    F17:
      02P:
        x: 0.002
        y: 0.0
        z: 0.04
        rm: -0.981,0.006,0.195,0.195,0.029,0.98,0.0,1.0,-0.029
      2P:
        x: 0.0
        y: 0.002
        z: 0.04
        rm: -0.195,-0.029,-0.98,-0.981,0.006,0.195,0.0,1.0,-0.029
      2D:
        x: 0.0
        y: -0.002
        z: 0.04
        rm: 0.195,0.029,0.98,0.981,-0.006,-0.195,0.0,1.0,-0.029
      03P:
        x: 0.002
        y: 0.0
        z: 0.03
        rm: -0.981,0.011,-0.195,-0.195,-0.057,0.979,-0.0,0.998,0.058
      3P:
        x: 0.0
        y: 0.002
        z: 0.03
        rm: 0.195,0.057,-0.979,-0.981,0.011,-0.195,-0.0,0.998,0.058
      3D:
        x: 0.0
        y: -0.002
        z: 0.03
        rm: -0.195,-0.057,0.979,0.981,-0.011,0.195,-0.0,0.998,0.058
      04P:
        x: 0.002
        y: 0.0
        z: 0.02
        rm: -0.981,0.006,0.195,0.195,0.029,0.98,0.0,1.0,-0.029
      4P:
        x: 0.0
        y: 0.002
        z: 0.02
        rm: -0.195,-0.029,-0.98,-0.981,0.006,0.195,0.0,1.0,-0.029
      4D:
        x: 0.0
        y: -0.002
        z: 0.02
        rm: 0.195,0.029,0.98,0.981,-0.006,-0.195,0.0,1.0,-0.029
      05P:
        x: 0.002
        y: 0.0
        z: 0.01
        rm: -0.981,0.006,0.195,-0.195,-0.029,-0.98,0.0,-1.0,0.029
      5P:
        x: 0.0
        y: 0.002
        z: 0.01
        rm: 0.195,0.029,0.98,-0.981,0.006,0.195,0.0,-1.0,0.029
      5D:
        x: 0.0
        y: -0.002
        z: 0.01
        rm: -0.195,-0.029,-0.98,0.981,-0.006,-0.195,0.0,-1.0,0.029
    T17:
      1P:
        x: 0.0
        y: -0.002
        z: 0.025
        rm: -0.0,0.0,-1.0,1.0,0.0,-0.0,-0.0,-1.0,0.0
      1D:
        x: 0.002
        y: 0.0
        z: 0.025
        rm: -1.0,0.0,0.0,-0.0,0.0,-1.0,-0.0,-1.0,0.0
      2I:
        x: 0.0
        y: 0.002
        z: 0.025
        rm: 0.0,0.0,1.0,-1.0,0.0,0.0,-0.0,-1.0,0.0
      2D:
        x: -0.002
        y: 0.0
        z: 0.025
        rm: 1.0,0.0,0.0,0.0,0.0,-1.0,-0.0,1.0,0.0
    T23:
      1P:
        x: 0.0
        y: -0.002
        z: 0.04
        rm: 0.195,0.029,0.98,0.981,-0.006,-0.195,0.0,1.0,-0.029
      02P:
        x: 0.0018
        y: 0.0015
        z: 0.04
        rm: -0.831,-0.016,-0.555,-0.556,0.024,0.831,0.0,1.0,-0.029
      2P:
        x: -0.0018
        y: 0.0015
        z: 0.04
        rm: 0.831,-0.016,-0.555,-0.556,-0.024,-0.831,0.0,1.0,-0.029
      03P:
        x: 0.0018
        y: 0.0015
        z: 0.03
        rm: -0.831,0.032,-0.555,-0.556,-0.049,0.83,0.0,0.998,0.058
      3P:
        x: -0.0018
        y: 0.0015
        z: 0.03
        rm: 0.831,0.032,-0.555,-0.556,0.049,-0.83,-0.0,0.998,0.058
      05P:
        x: 0.0018
        y: 0.0015
        z: 0.01
        rm: -0.831,0.016,0.555,-0.556,-0.024,-0.831,0.0,-1.0,0.029
      5P:
        x: -0.0018
        y: 0.0015
        z: 0.01
        rm: 0.831,0.016,0.555,-0.556,0.024,0.831,0.0,-1.0,0.029
    T24:
      1P:
        x: 0.0
        y: -0.002
        z: 0.04
        rm: 0.195,0.029,0.98,0.981,-0.006,-0.195,0.0,1.0,-0.029
      02P:
        x: 0.0018
        y: 0.0015
        z: 0.04
        rm: -0.831,-0.016,-0.555,-0.556,0.024,0.831,0.0,1.0,-0.029
      2P:
        x: -0.0018
        y: 0.0015
        z: 0.04
        rm: 0.831,-0.016,-0.555,-0.556,-0.024,-0.831,0.0,1.0,-0.029
      03P:
        x: 0.0018
        y: 0.0015
        z: 0.03
        rm: -0.831,0.032,-0.555,-0.556,-0.049,0.83,0.0,0.998,0.058
      3P:
        x: -0.0018
        y: 0.0015
        z: 0.03
        rm: 0.831,0.032,-0.555,-0.556,0.049,-0.83,-0.0,0.998,0.058
      05P:
        x: 0.0018
        y: 0.0015
        z: 0.01
        rm: -0.831,0.016,0.555,-0.556,-0.024,-0.831,0.0,-1.0,0.029
      5P:
        x: -0.0018
        y: 0.0015
        z: 0.01
        rm: 0.831,0.016,0.555,-0.556,0.024,0.831,0.0,-1.0,0.029
      5I:
        x: 0.0
        y: -0.002
        z: 0.01
        rm: -0.195,-0.029,-0.98,0.981,-0.006,-0.195,0.0,-1.0,0.029
    T26:
      1D:
        x: 0.002
        y: 0.0
        z: 0.025
        rm: -1.0,0.0,0.0,-0.0,0.0,-1.0,-0.0,-1.0,0.0
      2D:
        x: -0.0015
        y: 0.0018
        z: 0.025
        rm: 0.707,0.0,0.707,-0.707,0.0,0.707,-0.0,-1.0,0.0
      3D:
        x: -0.0015
        y: -0.0018
        z: 0.025
        rm: 0.707,0.0,-0.707,0.707,0.0,0.707,-0.0,-1.0,0.0
    T27:
      1P:
        x: 0.0
        y: -0.002
        z: 0.04
        rm: 0.195,0.029,0.98,0.981,-0.006,-0.195,0.0,1.0,-0.029
      02P:
        x: 0.0
        y: 0.002
        z: 0.04
        rm: -0.195,-0.029,-0.98,-0.981,0.006,0.195,0.0,1.0,-0.029
      03P:
        x: 0.0
        y: 0.002
        z: 0.03
        rm: 0.195,0.057,-0.979,-0.981,0.011,-0.195,-0.0,0.998,0.058
      05P:
        x: 0.0
        y: 0.002
        z: 0.01
        rm: 0.195,0.029,0.98,-0.981,0.006,0.195,0.0,-1.0,0.029
    T28:
      1D:
        x: 0.002
        y: 0.0
        z: 0.025
        rm: -1.0,0.0,0.0,-0.0,0.0,-1.0,-0.0,-1.0,0.0
      2P:
        x: -0.0015
        y: 0.0018
        z: 0.025
        rm: 0.707,0.0,0.707,-0.707,0.0,0.707,-0.0,-1.0,0.0
      2I:
        x: -0.0015
        y: -0.0018
        z: 0.025
        rm: 0.707,0.0,-0.707,0.707,0.0,0.707,-0.0,-1.0,0.0
    T29:
      1D:
        x: 0.0
        y: -0.002
        z: 0.045
        rm: -0.195,-0.057,0.979,0.981,-0.011,0.195,-0.0,0.998,0.058
      2P:
        x: 0.0018
        y: 0.0015
        z: 0.045
        rm: -0.831,0.032,-0.555,-0.556,-0.049,0.83,0.0,0.998,0.058
      2I:
        x: -0.0018
        y: 0.0015
        z: 0.045
        rm: 0.831,0.032,-0.555,-0.556,0.049,-0.83,-0.0,0.998,0.058
      03P:
        x: 0.002
        y: 0.0
        z: 0.03
        rm: -0.981,0.011,-0.195,-0.195,-0.057,0.979,-0.0,0.998,0.058
      3P:
        x: 0.0
        y: 0.002
        z: 0.03
        rm: 0.195,0.057,-0.979,-0.981,0.011,-0.195,-0.0,0.998,0.058
      3D:
        x: 0.0
        y: -0.002
        z: 0.03
        rm: -0.195,-0.057,0.979,0.981,-0.011,0.195,-0.0,0.998,0.058
      05P:
        x: 0.002
        y: 0.0
        z: 0.01
        rm: -0.981,0.006,0.195,-0.195,-0.029,-0.98,0.0,-1.0,0.029
      5P:
        x: 0.0
        y: 0.002
        z: 0.01
        rm: 0.195,0.029,0.98,-0.981,0.006,0.195,0.0,-1.0,0.029
      5D:
        x: 0.0
        y: -0.002
        z: 0.01
        rm: -0.195,-0.029,-0.98,0.981,-0.006,-0.195,0.0,-1.0,0.029
    T30:
      03P:
        x: 0.002
        y: 0.0
        z: 0.03
        rm: -0.981,0.011,-0.195,-0.195,-0.057,0.979,-0.0,0.998,0.058
      3P:
        x: 0.0
        y: 0.002
        z: 0.03
        rm: 0.195,0.057,-0.979,-0.981,0.011,-0.195,-0.0,0.998,0.058
      3D:
        x: 0.0
        y: -0.002
        z: 0.03
        rm: -0.195,-0.057,0.979,0.981,-0.011,0.195,-0.0,0.998,0.058
      04P:
        x: 0.002
        y: 0.0
        z: 0.02
        rm: -0.981,0.006,0.195,0.195,0.029,0.98,0.0,1.0,-0.029
      4P:
        x: 0.0
        y: 0.002
        z: 0.02
        rm: -0.195,-0.029,-0.98,-0.981,0.006,0.195,0.0,1.0,-0.029
      4D:
        x: 0.0
        y: -0.002
        z: 0.02
        rm: 0.195,0.029,0.98,0.981,-0.006,-0.195,0.0,1.0,-0.029
      05P:
        x: 0.002
        y: 0.0
        z: 0.01
        rm: -0.981,0.006,0.195,-0.195,-0.029,-0.98,0.0,-1.0,0.029
      5P:
        x: 0.0
        y: 0.002
        z: 0.01
        rm: 0.195,0.029,0.98,-0.981,0.006,0.195,0.0,-1.0,0.029
      5D:
        x: 0.0
        y: -0.002
        z: 0.01
        rm: -0.195,-0.029,-0.98,0.981,-0.006,-0.195,0.0,-1.0,0.029
    T4:
      1D:
        x: 0.0022
        y: 0.0
        z: 0.025
        rm: -1.0,0.0,0.0,-0.0,0.0,-1.0,-0.0,-1.0,0.0
      2I:
        x: -0.0022
        y: 0.0
        z: 0.015
        rm: 0.999,-0.04,0.001,0.04,0.999,-0.029,0.0,0.029,1.0
      2D:
        x: -0.0022
        y: 0.0
        z: 0.035
        rm: 1.0,0.0,-0.0,0.0,-1.0,0.029,-0.0,-0.029,-1.0
    T70:
      04P:
        x: 0.002
        y: 0.0
        z: 0.02
        rm: -0.981,0.006,0.195,0.195,0.029,0.98,0.0,1.0,-0.029
      4P:
        x: 0.0
        y: 0.002
        z: 0.02
        rm: -0.195,-0.029,-0.98,-0.981,0.006,0.195,0.0,1.0,-0.029
      4D:
        x: 0.0
        y: -0.002
        z: 0.02
        rm: 0.195,0.029,0.98,0.981,-0.006,-0.195,0.0,1.0,-0.029
      05P:
        x: 0.002
        y: 0.0
        z: 0.01
        rm: -0.981,0.006,0.195,-0.195,-0.029,-0.98,0.0,-1.0,0.029
      5P:
        x: 0.0
        y: 0.002
        z: 0.01
        rm: 0.195,0.029,0.98,-0.981,0.006,0.195,0.0,-1.0,0.029
      5D:
        x: 0.0
        y: -0.002
        z: 0.01
        rm: -0.195,-0.029,-0.98,0.981,-0.006,-0.195,0.0,-1.0,0.029
  perturbations:
    hold_X: '[0.30401, 0.0, 0.0, 0.0, 0.0, 0.0]'
    hold_-X: '[-0.30401, 0.0, 0.0, 0.0, 0.0, 0.0]'
    hold_Y: '[0.0, 0.30401, 0.0, 0.0, 0.0, 0.0]'
    hold_-Y: '[0.0, -0.30401, 0.0, 0.0, 0.0, 0.0]'
    hold_Z: '[0.0, 0.0, 0.30401, 0.0, 0.0, 0.0]'
    hold_-Z: '[0.0, 0.0, -0.30401, 0.0, 0.0, 0.0]'
    insert: '[0.0, 0.0, 45.98339, 0.0, 0.0, 0.0]'
Needle:
  stl file name: needle
  center of mass:
    x: 0.0
    y: 0.0
    z: 0.07
  characteristic length: 0.05398
  grasps:
    C8:
      1D:
        x: 0.007
        y: 0.0
        z: 0.0725
        rm: -1.0,0.0,0.0,0.0,0.344,0.939,0.0,0.939,-0.344
      2D:
        x: -0.007
        y: 0.0025
        z: 0.08
        rm: 1.0,0.0,0.0,0.0,0.18,0.984,0.0,-0.984,0.18
      3D:
        x: -0.007
        y: 0.0
        z: 0.06
        rm: 1.0,0.0,0.0,0.0,-0.344,0.939,0.0,-0.939,-0.344
    T21:
      1D:
        x: 0.007
        y: 0.0
        z: 0.0725
        rm: -1.0,0.0,0.0,0.0,0.344,0.939,0.0,0.939,-0.344
      2I:
        x: -0.007
        y: -0.0075
        z: 0.0725
        rm: 0.707,0.0,0.707,0.707,0.0,-0.707,0.0,1.0,0.0
      2D:
        x: -0.007
        y: 0.0075
        z: 0.0725
        rm: 0.707,0.0,0.707,-0.707,0.0,0.707,0.0,-1.0,0.0
    T28:
      1D:
        x: 0.007
        y: 0.0
        z: 0.0725
        rm: -1.0,0.0,0.0,0.0,0.344,0.939,0.0,0.939,-0.344
      2P:
        x: -0.007
        y: -0.0075
        z: 0.0725
        rm: 0.707,0.0,0.707,0.707,0.0,-0.707,0.0,1.0,0.0
      2I:
        x: -0.007
        y: 0.0075
        z: 0.0725
        rm: 0.707,0.0,0.707,-0.707,0.0,0.707,0.0,-1.0,0.0
    T33:
      1D:
        x: 0.007
        y: 0.0
        z: 0.0725
        rm: -1.0,0.0,0.0,0.0,0.344,0.939,0.0,0.939,-0.344
      2I:
        x: -0.007
        y: 0.0
        z: 0.06
        rm: 1.0,0.0,0.0,0.0,-0.344,0.939,0.0,-0.939,-0.344
      3I:
        x: -0.007
        y: 0.0025
        z: 0.08
        rm: 1.0,0.0,0.0,0.0,0.18,0.984,0.0,-0.984,0.18
    T60:
      1D:
        x: 0.007
        y: 0.0
        z: 0.0725
        rm: -1.0,0.0,0.0,0.0,0.344,0.939,0.0,0.939,-0.344
      2P:
        x: -0.007
        y: 0.0075
        z: 0.0725
        rm: 0.707,0.0,0.707,-0.707,0.0,0.707,0.0,-1.0,0.0
      2I:
        x: -0.007
        y: -0.0075
        z: 0.0725
        rm: 0.707,0.0,0.707,0.707,0.0,-0.707,0.0,1.0,0.0
  perturbations:
    uncap: '[0.0, 0.10297, -9.4, 0.0, 0.0, 0.0]'
    hold_X: '[0.10297, 0.0, 0.0, 0.0, 0.0, 0.0]'
    hold_-X: '[-0.10297, 0.0, 0.0, 0.0, 0.0, 0.0]'
    hold_Y: '[0.0, 0.10297, 0.0, 0.0, 0.0, 0.0]'
    hold_-Y: '[0.0, -0.10297, 0.0, 0.0, 0.0, 0.0]'
    hold_Z: '[0.0, 0.0, 0.10297, 0.0, 0.0, 0.0]'
    hold_-Z: '[0.0, 0.0, -0.10297, 0.0, 0.0, 0.0]'
    pierce: '[0.0, 0.0, 23.325120000000002, 0.0, 0.0, 0.0]'
    unpierce: '[0.0, 0.0, -11.10297, 0.0, 0.0, 0.0]'
Needle_Cap:
  stl file name: needle_cap
  center of mass:
    x: 0.0
    y: 0.0
    z: 0.025
  characteristic length: 0.03059
  grasps:
    C14:
      1D:
        x: 0.006
        y: 0.0
        z: 0.025
        rm: -1.0,0.0,0.0,0.0,-0.05,-0.999,0.0,-0.999,0.05
      2D:
        x: 0.0
        y: 0.0
        z: 0.0
        rm: 0.0,1.0,-0.03,0.0,0.03,1.0,1.0,0.0,0.0
      3D:
        x: -0.006
        y: 0.0
        z: 0.025
        rm: 1.0,0.0,0.0,0.0,0.05,0.999,0.0,-0.999,0.05
    T28:
      1D:
        x: 0.006
        y: 0.0
        z: 0.025
        rm: -1.0,0.0,0.0,0.0,-0.05,-0.999,0.0,-0.999,0.05
      2P:
        x: -0.005
        y: 0.0055
        z: 0.025
        rm: 0.675,0.037,0.737,-0.738,0.034,0.674,-0.0,-0.999,0.05
      2I:
        x: -0.005
        y: -0.0055
        z: 0.025
        rm: 0.675,-0.037,-0.737,0.738,0.034,0.674,0.0,-0.999,0.05
    T4:
      1D:
        x: 0.006
        y: 0.0
        z: 0.025
        rm: -1.0,0.0,0.0,0.0,-0.05,-0.999,0.0,-0.999,0.05
      2I:
        x: -0.006
        y: 0.0
        z: 0.015
        rm: 1.0,0.0,0.0,0.0,1.0,0.0,0.0,0.0,1.0
      2D:
        x: -0.006
        y: 0.0
        z: 0.035
        rm: 1.0,0.0,0.0,0.0,1.0,0.0,0.0,0.0,1.0
  perturbations:
    uncap: '[0.0, 0.00981, 9.4, 0.0, 0.0, 0.0]'
Rinse_Glass:
