{
"Petri-hold":[[-0.147099750429584,"W","com"]],
"Petri-write":[[-0.147099750429584,"Z","com"],[-2.46539181719982,"Z",3,3,1.5]],
"Marker-hold":[[0.098066500286389,"W","com"]],
"Marker-uncap":[[0.098066500286389,"Y","com"],[-23,"Z",0,0,0]],
"Marker-recap":[[0.098066500286389,"Y","com"],[34.4360515755655,"Z",0,0,0]],
"Marker-write":[[-0.098066500286389,"Z","com"],[2.46539181719982,"Z",0,0,0]],
"Marker_Cap-hold":[[0.0220649625644375,"W","com"]],
"Marker_Cap-uncap":[[0.0220649625644375,"Y","com"],[23,"Z",0,0,0]],
"Marker_Cap-recap":[[0.0220649625644375,"Y","com"],[-34.4360515755655,"Z",0,0,0]],
"Kit-hold":[[-1.67693715489725,"W","com"]],
"Kit-open":[[-1.67693715489725,"Z","com"],[20,"Z",6,13,0]],
"Kit_Tab-hold":[[-0.00392266001145556,"Z","com"]],
"Kit_Tab-open":[[-0.00392266001145556,"Z","com"],[-20,"Z",0,0,1]],
"Canister-hold":[[-0.367749376073959,"W","com"]],
"Canister-insert":[[-0.367749376073959,"Z","com"],[87.1664087795569,"Z",0,0,0]],
"Canister-remove":[[-0.367749376073959,"Z","com"],[-110,"Z",0,0,0]],
"Tube-hold":[[0.304006150887806,"W","com"]],
"Tube-insert":[[0.304006150887806,"Z","com"],[45.6793758334,"Z",0,0,0]],
"Needle-uncap":[[0.102969825300708,"Y","com"],[-9.4,"Z",0,0,5]],
"Needle-hold":[[-0.102969825300708,"W","com"]],
"Needle-pierce":[[-0.102969825300708,"Z","com"],[23.4280869184183,"Z",0,0,0]],
"Needle-unpierce":[[-0.102969825300708,"Z","com"],[-11,"Z",0,0,0]],
"Needle-hold horizontal":[[0.102969825300708,"X","com"]],
"Needle_Cap-uncap":[[0.00980665002863889,"Y","com"],[9.4,"Z",0,0,5]],
"Rinse_Glass-hold":[[-5.51133731609506,"W","com"]],
"Red_Plug-hold":[[-0.00735498752147918,"W","com"]],
"Red_Plug-insert":[[-0.00735498752147918,"Z","com"],[-35.9364690299472,"Z",0,0,0]],
"Red_Plug-remove":[[-0.00735498752147918,"Z","com"],[23,"Z",0,0,0]],
"Glass_Vial-hold":[[-0.147099750429584,"Z","com"]],
"Glass_Vial-open":[[-0.147099750429584,"Z","com"],[-30,"X",0,0,9]],
"Yellow_Plug-hold":[[-0.0098066500286389,"W","com"]],
"Yellow_Plug-insert":[[0.0098066500286389,"Z","com"],[2.3192727317731,"Z",0,0,0]],
"Tube_Clamp-hold":[[-0.0392266001145556,"W","com"]],
"Tube_Clamp-clamp":[[-0.0392266001145556,"Z","com"],[40.7760508190806,"Y",-0.75,0.6,1.2]],
"Tube_Clamp-unclamp":[[-0.0392266001145556,"Z","com"],[3.1,"Y",-0.75,1,2],[-3.1,"Z",-0.75,1,2]],
"Scissors-hold":[[0.593302326732653,"W","com"]],
"Scissors-cut":[[0.593302326732653,"Y","com"],[-55,"Y",0.15,0.8,2]],
}